~o
<STREAMINFO> 1 25
<VECSIZE> 25<NULLD><MFCC_D_N_Z_0><DIAGC>
~s "silst"
<MEAN> 25
 -1.293672e+001 8.476663e+000 -6.843344e+000 5.515227e+000 -1.131290e+000 -7.729625e-001 5.270439e-001 -6.913086e-001 2.533998e+000 -1.325007e+000 1.575085e+000 -4.938801e-001 -5.004699e-001 2.209625e-002 3.273445e-002 8.951975e-002 -4.641918e-002 3.980938e-002 4.208364e-002 2.264794e-003 2.195384e-002 -2.936416e-002 9.971939e-002 -2.044905e-002 -4.126638e-001
<VARIANCE> 25
 4.250309e+001 1.931168e+001 2.054462e+001 1.773489e+001 1.990069e+001 1.735690e+001 2.034746e+001 1.887975e+001 1.802667e+001 1.735673e+001 1.540799e+001 1.502921e+001 2.318620e-001 4.109763e-001 6.142840e-001 6.707922e-001 8.131617e-001 8.376260e-001 1.082499e+000 1.157324e+000 1.283559e+000 1.223570e+000 1.096245e+000 1.009221e+000 1.156808e-001
<GCONST> 7.654136e+001
~h "a"
<BEGINHMM>
<NUMSTATES> 5
<STATE> 2
<MEAN> 25
 1.002885e+001 -1.064526e+001 -2.975061e+000 -6.037831e+000 -9.651699e-001 3.903283e+000 2.345081e+000 8.126285e-001 2.855525e+000 1.665522e+000 -1.518113e+000 -2.908601e+000 2.372917e-001 -2.301238e+000 2.305889e-001 -9.477081e-001 8.198866e-001 3.673650e-001 3.522417e-001 8.046232e-001 2.100507e-001 -3.060781e-001 -7.406778e-001 -7.309757e-001 1.756452e+000
<VARIANCE> 25
 6.466489e+001 1.028189e+002 1.208469e+002 1.238743e+002 7.644896e+001 9.877834e+001 7.364622e+001 7.990847e+001 5.337176e+001 7.528142e+001 4.759763e+001 5.054353e+001 2.300491e+000 4.134711e+000 5.047579e+000 6.631811e+000 5.399626e+000 5.670931e+000 5.462428e+000 5.785478e+000 5.130212e+000 5.346421e+000 3.182295e+000 3.473546e+000 3.018444e+000
<GCONST> 1.175140e+002
<STATE> 3
<MEAN> 25
 1.080642e+001 -1.917017e+001 -1.378013e+000 -9.979915e+000 5.003090e+000 2.548433e+000 2.953741e+000 4.916495e+000 1.523658e+000 1.231288e+000 -4.846394e+000 -5.771549e+000 -1.567306e-001 -1.095695e-001 1.170323e-001 -8.806368e-002 2.656566e-001 -2.710349e-001 2.086484e-001 3.790866e-001 -3.634638e-001 -2.788144e-001 -1.149741e-001 1.179072e-001 4.396642e-002
<VARIANCE> 25
 1.955587e+001 2.169699e+001 5.445863e+001 5.190437e+001 5.533916e+001 6.092391e+001 6.484664e+001 6.575482e+001 2.941669e+001 3.754619e+001 2.846701e+001 2.376204e+001 2.675365e-001 7.624585e-001 1.054953e+000 1.246254e+000 1.534197e+000 2.086828e+000 1.617048e+000 2.215315e+000 1.564795e+000 1.696709e+000 1.409508e+000 1.476459e+000 3.143116e-001
<GCONST> 9.162479e+001
<STATE> 4
<MEAN> 25
 6.199077e+000 -1.076106e+001 -1.437906e+000 -3.608051e+000 3.444792e+000 7.606951e-001 3.102176e+000 4.091664e+000 1.252146e+000 3.399098e-001 -3.598230e+000 -2.447061e+000 -6.436644e-001 1.528420e+000 4.129644e-001 1.371854e+000 -1.622920e-001 -1.381700e-001 -4.261751e-001 -4.905342e-001 -3.408962e-001 -4.346143e-002 1.873945e-001 6.697513e-001 -1.669705e+000
<VARIANCE> 25
 3.363206e+001 4.607603e+001 6.192772e+001 6.539664e+001 4.317274e+001 6.785820e+001 4.698978e+001 5.843413e+001 3.831068e+001 3.079786e+001 3.611280e+001 2.741358e+001 8.963274e-001 1.604890e+000 1.846842e+000 2.551471e+000 2.514757e+000 2.225562e+000 2.458305e+000 2.401011e+000 2.591342e+000 2.080174e+000 1.961510e+000 1.685315e+000 1.137680e+000
<GCONST> 9.989104e+001
<TRANSP> 5
 0.000000e+000 1.000000e+000 0.000000e+000 0.000000e+000 0.000000e+000
 0.000000e+000 6.800412e-001 3.199589e-001 0.000000e+000 0.000000e+000
 0.000000e+000 0.000000e+000 8.328508e-001 1.671492e-001 0.000000e+000
 0.000000e+000 0.000000e+000 0.000000e+000 7.996966e-001 2.003035e-001
 0.000000e+000 0.000000e+000 0.000000e+000 0.000000e+000 0.000000e+000
<ENDHMM>
~h "b"
<BEGINHMM>
<NUMSTATES> 5
<STATE> 2
<MEAN> 25
 -5.931867e+000 6.306745e+000 -4.288634e+000 9.285591e+000 9.439880e-001 -3.029854e+000 -5.275494e-001 8.556567e-001 1.373245e+000 -4.562893e+000 -1.112320e+000 2.610104e+000 -3.887752e-001 4.986211e-001 -2.845963e-003 6.711184e-002 2.323642e-002 8.479916e-002 -1.146052e-001 -2.781823e-001 5.884518e-002 1.236736e-001 1.497203e-001 -9.190173e-002 -6.348048e-001
<VARIANCE> 25
 6.533183e+001 3.384855e+001 5.067023e+001 3.251382e+001 4.180146e+001 3.978531e+001 3.225751e+001 3.797913e+001 3.206870e+001 3.962247e+001 2.143048e+001 3.033651e+001 3.540002e-001 7.394572e-001 7.616459e-001 9.216493e-001 1.094432e+000 1.272519e+000 1.157941e+000 1.431227e+000 1.009068e+000 1.972382e+000 1.221344e+000 1.630799e+000 1.288374e-001
<GCONST> 8.767730e+001
<STATE> 3
<MEAN> 25
 -1.224653e+001 8.687532e+000 -3.867475e+000 8.406789e+000 -1.104041e+000 5.184774e-001 1.864543e+000 -3.846663e-001 3.155722e+000 -9.627407e-001 1.895442e+000 -9.008625e-002 1.866111e+000 2.026400e+000 2.119463e+000 1.729353e+000 1.726060e+000 1.128392e+000 9.593551e-001 4.088380e-001 2.865021e-002 -2.957563e-002 -2.549771e-001 -4.990832e-001 9.983154e-001
<VARIANCE> 25
 1.347690e+002 2.880756e+001 5.738558e+001 2.507569e+001 2.693131e+001 2.396403e+001 2.393388e+001 3.816079e+001 4.115699e+001 2.168578e+001 2.163988e+001 1.611644e+001 5.553519e+000 3.304510e+000 3.335969e+000 2.145213e+000 2.694227e+000 2.728457e+000 2.416888e+000 1.910196e+000 2.479758e+000 1.487163e+000 1.404651e+000 1.670252e+000 3.084522e+000
<GCONST> 9.910464e+001
<STATE> 4
<MEAN> 25
 5.764081e+000 2.201529e+001 5.597561e+000 1.522192e+001 4.250477e+000 1.835346e+000 2.671072e+000 -3.760241e+000 -2.628170e+000 -3.329068e+000 4.720666e-001 -5.554907e-001 2.548607e+000 1.326291e-001 -1.368513e-001 -1.219299e-001 -9.316618e-002 -2.229541e-001 -4.302663e-001 -6.166684e-001 -8.559130e-001 -2.302205e-001 1.219907e-001 1.819671e-001 1.896975e+000
<VARIANCE> 25
 5.070938e+001 6.286097e+001 2.858491e+001 2.234930e+001 2.693701e+001 2.020018e+001 3.265719e+001 2.935979e+001 2.599461e+001 2.321944e+001 2.482017e+001 1.747236e+001 5.437462e+000 1.528968e+001 9.045591e+000 5.877864e+000 3.796955e+000 2.629534e+000 4.016253e+000 3.774312e+000 3.673419e+000 2.638933e+000 2.688483e+000 2.234085e+000 2.927497e+000
<GCONST> 1.046657e+002
<TRANSP> 5
 0.000000e+000 1.000000e+000 0.000000e+000 0.000000e+000 0.000000e+000
 0.000000e+000 8.767776e-001 1.232223e-001 0.000000e+000 0.000000e+000
 0.000000e+000 0.000000e+000 4.549755e-001 5.450245e-001 0.000000e+000
 0.000000e+000 0.000000e+000 0.000000e+000 8.332348e-001 1.667652e-001
 0.000000e+000 0.000000e+000 0.000000e+000 0.000000e+000 0.000000e+000
<ENDHMM>
~h "c"
<BEGINHMM>
<NUMSTATES> 5
<STATE> 2
<MEAN> 25
 -3.269779e+000 -1.559928e+000 -3.541415e+000 6.140758e+000 1.248411e+000 -6.478787e-001 -7.318991e-001 -1.451278e+000 -8.094298e-003 2.141085e+000 2.550736e+000 -8.632939e-001 -3.533417e-001 4.459403e-001 -6.539596e-001 1.858376e-001 -3.624450e-001 -4.952699e-003 3.763895e-001 3.540089e-001 5.283701e-001 2.531613e-001 -3.239464e-002 -7.290639e-002 -7.833281e-001
<VARIANCE> 25
 7.121899e+001 7.498885e+000 1.553974e+001 1.205262e+001 9.179550e+000 9.581486e+000 1.538885e+001 1.519024e+001 2.638759e+001 1.039296e+001 1.850336e+001 6.383253e+000 6.339921e-002 2.075861e-001 3.451275e-001 2.787520e-001 6.644195e-001 8.463994e-001 7.583289e-001 1.509322e+000 2.028897e+000 7.881219e-001 1.875297e+000 3.359287e-001 1.325528e-001
<GCONST> 6.865104e+001
<STATE> 3
<MEAN> 25
 -1.122203e+001 1.885415e-001 -5.306404e+000 7.071062e+000 9.477882e-001 -5.751473e-001 3.269001e+000 2.136019e+000 4.259346e+000 2.342304e+000 -1.060845e+000 -5.965279e-002 6.865598e-001 4.430661e-002 2.264335e+000 -3.370519e+000 1.913801e+000 -2.148800e-001 2.181609e-001 -1.069940e-001 -2.536678e+000 5.922191e-001 -7.290423e-001 1.827963e-001 2.680790e+000
<VARIANCE> 25
 1.038186e+002 4.690187e+000 2.221670e+001 2.446766e+001 1.220470e+001 2.471316e+001 1.114761e+001 1.734729e+001 4.269694e+001 6.105118e+000 6.557414e+000 4.344106e+000 1.019820e+001 3.666720e+000 4.847489e+000 5.198523e+000 5.908322e+000 4.736498e+000 3.102729e+000 2.625848e+000 5.661789e+000 1.471995e+000 2.015151e+000 6.530903e-001 5.965401e+000
<GCONST> 9.477841e+001
<STATE> 4
<MEAN> 25
 -1.328862e+001 -5.986460e+000 1.209871e+001 -5.260945e+000 7.120201e+000 -7.058291e+000 5.371656e+000 -1.581086e+000 4.053164e-001 8.612814e-001 1.549369e+000 2.488801e-002 8.936251e-001 -9.686532e-001 1.848526e+000 -5.505505e-001 -4.144013e-002 -1.416124e+000 8.203952e-002 -6.182240e-001 -3.957397e-002 -9.869506e-001 6.356457e-001 -1.549132e-001 3.636902e+000
<VARIANCE> 25
 1.500404e+002 1.100466e+002 6.541955e+001 1.050830e+002 1.003936e+002 1.072710e+002 6.798558e+001 4.770407e+001 7.956870e+001 4.469057e+001 3.269099e+001 1.225083e+001 2.140352e+001 1.077025e+001 1.658333e+001 1.249976e+001 1.304136e+001 9.404068e+000 7.840483e+000 4.461165e+000 7.851932e+000 4.398609e+000 2.517892e+000 2.083413e+000 6.948052e+000
<GCONST> 1.223085e+002
<TRANSP> 5
 0.000000e+000 1.000000e+000 0.000000e+000 0.000000e+000 0.000000e+000
 0.000000e+000 7.829763e-001 2.170237e-001 0.000000e+000 0.000000e+000
 0.000000e+000 0.000000e+000 5.799710e-001 4.200290e-001 0.000000e+000
 0.000000e+000 0.000000e+000 0.000000e+000 8.614616e-001 1.385385e-001
 0.000000e+000 0.000000e+000 0.000000e+000 0.000000e+000 0.000000e+000
<ENDHMM>
~h "d"
<BEGINHMM>
<NUMSTATES> 5
<STATE> 2
<MEAN> 25
 -4.045065e+000 1.199173e+001 3.180446e+000 8.553314e+000 2.209822e+000 7.766954e-001 2.065178e+000 1.543257e+000 6.938522e-002 -2.325069e+000 -2.777680e-001 -5.047224e-001 1.460621e+000 1.410677e+000 1.137341e+000 1.481601e+000 7.570138e-001 2.657672e-001 -8.755018e-002 -3.787047e-001 -4.766736e-002 -1.448581e-001 -4.058013e-001 -1.511487e-001 4.805413e-001
<VARIANCE> 25
 7.501167e+001 5.789849e+001 1.101291e+002 3.597340e+001 4.161451e+001 2.623910e+001 2.695723e+001 2.997536e+001 4.008583e+001 2.746504e+001 3.135523e+001 2.000647e+001 4.589988e+000 4.868315e+000 4.919577e+000 2.604560e+000 2.976453e+000 1.973134e+000 1.770289e+000 2.063603e+000 2.917698e+000 1.643483e+000 2.014998e+000 1.540372e+000 1.972920e+000
<GCONST> 1.018462e+002
<STATE> 3
<MEAN> 25
 5.933756e+000 2.126503e+001 9.352488e+000 1.561968e+001 3.944106e+000 -2.593742e+000 -2.941857e+000 -4.334012e+000 -2.508424e+000 -2.271459e+000 5.047532e-001 6.545743e-001 1.054814e+000 -1.454392e+000 4.286137e-001 3.048745e-001 -1.486027e+000 -6.646977e-001 -4.939532e-001 -4.494797e-001 2.810974e-001 -1.225945e-001 3.666450e-002 8.434165e-001 1.422162e+000
<VARIANCE> 25
 1.154223e+001 1.279768e+002 2.051758e+001 2.784358e+001 2.563257e+001 2.800685e+001 3.202997e+001 3.807150e+001 2.202689e+001 1.966451e+001 2.407076e+001 1.507689e+001 2.632484e+000 1.034574e+001 2.375769e+000 2.170818e+000 3.578774e+000 4.340809e+000 5.393996e+000 5.509941e+000 3.947380e+000 2.226209e+000 3.032078e+000 2.218942e+000 1.664397e+000
<GCONST> 1.009093e+002
<STATE> 4
<MEAN> 25
 9.194571e+000 -4.429823e+000 1.469980e+001 7.462698e+000 -1.210291e+001 -3.649916e+000 -3.740890e+000 1.670228e+000 1.803732e+000 -5.311594e+000 1.894920e+000 4.321301e+000 9.548306e-001 -3.547754e+000 8.938261e-001 -3.470636e+000 -2.541095e+000 -5.140184e-001 -9.854298e-001 8.795159e-001 -1.914816e-001 4.418855e-001 1.271483e+000 -3.416253e-001 3.260488e+000
<VARIANCE> 25
 1.856602e+001 1.360382e+002 3.915371e+001 1.044394e+002 7.471736e+001 5.328957e+001 4.532167e+001 7.671327e+001 5.926193e+001 4.111975e+001 6.454836e+001 3.605664e+001 1.440448e+000 1.944916e+001 5.942973e+000 5.862493e+000 1.642762e+001 8.479758e+000 5.442102e+000 7.802346e+000 7.328947e+000 6.090691e+000 6.187357e+000 5.909185e+000 5.646710e+000
<GCONST> 1.187890e+002
<TRANSP> 5
 0.000000e+000 1.000000e+000 0.000000e+000 0.000000e+000 0.000000e+000
 0.000000e+000 7.697209e-001 2.302792e-001 0.000000e+000 0.000000e+000
 0.000000e+000 0.000000e+000 7.046156e-001 2.953845e-001 0.000000e+000
 0.000000e+000 0.000000e+000 0.000000e+000 6.760541e-001 3.239459e-001
 0.000000e+000 0.000000e+000 0.000000e+000 0.000000e+000 0.000000e+000
<ENDHMM>
~h "e"
<BEGINHMM>
<NUMSTATES> 5
<STATE> 2
<MEAN> 25
 7.112183e+000 5.601344e+000 -2.853184e-001 -8.472193e-002 3.782441e-001 2.515029e+000 -1.784322e+000 -2.704253e+000 -4.002929e-001 6.478130e-001 4.095837e+000 8.724294e-001 2.669043e-001 8.202129e-001 -2.624561e-002 9.351093e-001 5.669088e-001 2.836797e-001 3.824778e-002 -6.464762e-001 -6.653875e-001 -4.286652e-002 2.167867e-003 -1.331289e-001 -3.922174e-001
<VARIANCE> 25
 6.456293e+001 2.249257e+002 1.521612e+002 1.335726e+002 9.078696e+001 8.676457e+001 4.915561e+001 5.226220e+001 4.217379e+001 4.002652e+001 3.109757e+001 3.745533e+001 9.874603e+000 5.620371e+000 3.298568e+000 5.114914e+000 4.071482e+000 3.779214e+000 3.402186e+000 3.043568e+000 5.306116e+000 2.119286e+000 1.890873e+000 1.883394e+000 8.871156e+000
<GCONST> 1.145504e+002
<STATE> 3
<MEAN> 25
 6.634021e+000 6.069131e+000 3.797287e+000 4.813295e+000 1.315279e+000 -1.481491e+000 -1.914038e+000 -2.196332e+000 -1.616694e+000 2.745028e-001 1.949042e+000 3.196612e-001 5.534753e-001 -3.370247e-001 8.657922e-003 6.990307e-001 -4.695527e-001 -4.736821e-001 -5.161474e-001 -6.887835e-001 -2.709833e-001 1.950213e-001 -7.951014e-002 -6.527023e-002 3.336517e-001
<VARIANCE> 25
 2.701527e+001 2.160413e+002 1.081852e+002 1.136317e+002 7.766495e+001 5.438096e+001 4.275136e+001 4.371297e+001 5.032785e+001 3.647309e+001 3.496099e+001 2.216172e+001 8.087540e+000 1.168626e+001 6.711010e+000 8.624929e+000 6.495869e+000 4.270015e+000 5.394851e+000 5.815067e+000 6.352526e+000 3.475116e+000 2.666825e+000 1.559296e+000 1.102670e+001
<GCONST> 1.163806e+002
<STATE> 4
<MEAN> 25
 9.982530e+000 1.215231e+000 2.803636e+000 4.206782e+000 -1.661023e+000 -1.980421e+000 -6.344378e+000 -5.571270e+000 -7.735001e-001 3.106117e+000 2.995296e+000 -6.049184e-001 3.287470e-001 -3.119440e+000 1.306031e+000 -2.155195e+000 -1.481008e+000 -3.249293e-001 -8.798129e-001 6.032486e-001 7.620770e-001 8.724024e-001 -5.974498e-001 2.350173e-001 2.329460e+000
<VARIANCE> 25
 3.185893e+001 1.168320e+002 1.111435e+002 1.002358e+002 1.282641e+002 6.564851e+001 8.726323e+001 1.102282e+002 7.253508e+001 4.195255e+001 3.901067e+001 2.568145e+001 2.923928e+000 1.580930e+001 8.307025e+000 1.222551e+001 1.003964e+001 4.400875e+000 7.345993e+000 1.090122e+001 8.670244e+000 6.191282e+000 3.952273e+000 2.577072e+000 1.011232e+001
<GCONST> 1.218707e+002
<TRANSP> 5
 0.000000e+000 1.000000e+000 0.000000e+000 0.000000e+000 0.000000e+000
 0.000000e+000 3.982512e-001 6.017488e-001 0.000000e+000 0.000000e+000
 0.000000e+000 0.000000e+000 1.114600e-001 8.885400e-001 0.000000e+000
 0.000000e+000 0.000000e+000 0.000000e+000 5.599092e-001 4.400908e-001
 0.000000e+000 0.000000e+000 0.000000e+000 0.000000e+000 0.000000e+000
<ENDHMM>
~h "f"
<BEGINHMM>
<NUMSTATES> 5
<STATE> 2
<MEAN> 25
 -3.501812e+000 2.045808e+000 4.184516e+000 4.614949e+000 3.073527e+000 8.933141e-001 -3.854221e+000 -2.225898e+000 -3.511240e+000 2.574012e-001 -1.268239e+000 2.177688e+000 -3.495675e-001 9.418070e-002 1.553553e-002 2.004789e-001 1.682453e-001 -1.515503e-001 1.066316e-001 5.152388e-002 -1.586654e-001 -1.161863e-002 -7.403114e-003 -2.208841e-002 1.084086e-001
<VARIANCE> 25
 3.080243e+001 2.673203e+001 3.703822e+001 1.234184e+001 1.833476e+001 3.026116e+001 2.432397e+001 3.087107e+001 1.778301e+001 1.515968e+001 1.284796e+001 1.385432e+001 1.080727e+000 1.238634e+000 1.247665e+000 9.985504e-001 1.537193e+000 1.999155e+000 2.005695e+000 2.272194e+000 1.938800e+000 1.330878e+000 1.174057e+000 1.056272e+000 2.637307e-001
<GCONST> 8.548512e+001
<STATE> 3
<MEAN> 25
 -1.250285e+001 1.014426e+001 6.276175e+000 4.492712e+000 -7.559631e-001 -5.505100e+000 1.550427e+000 -2.065354e+000 -6.937005e+000 2.395385e+000 2.837043e+000 2.588946e+000 -2.635046e-001 1.813888e-001 -7.412147e-002 -2.440413e-001 -2.609333e-001 -4.221530e-001 1.138241e-001 -3.334473e-001 4.365052e-002 1.169803e-002 -1.576230e-002 -1.485664e-001 2.401997e-001
<VARIANCE> 25
 4.265685e+001 5.413749e+001 2.484022e+001 1.332525e+001 3.907881e+001 2.106305e+001 2.387728e+001 3.132027e+001 1.997218e+001 1.936462e+001 1.504338e+001 1.486789e+001 3.236392e+000 1.019473e+000 2.370679e+000 1.143258e+000 3.336320e+000 1.718707e+000 1.767279e+000 2.201614e+000 2.136084e+000 1.367218e+000 1.984608e+000 1.338799e+000 2.147779e-001
<GCONST> 8.999866e+001
<STATE> 4
<MEAN> 25
 -7.805997e+000 -4.911851e+000 1.416466e+001 -3.482949e+000 -3.511563e+000 -9.274672e+000 2.502840e+000 -1.847932e+000 -3.139743e+000 -1.580492e+000 1.300442e+000 -4.335624e-001 1.205727e-002 1.886647e-001 -2.888904e-001 8.168383e-003 -1.715304e-001 6.634802e-002 -2.632052e-001 -7.346918e-002 3.327399e-001 -3.405752e-002 1.627198e-001 -2.209874e-001 -2.336258e-001
<VARIANCE> 25
 2.504490e+001 1.685060e+002 1.742480e+002 5.575115e+001 1.005687e+002 5.032889e+001 6.871730e+001 2.989960e+001 8.406842e+001 2.195578e+001 1.510662e+001 1.906305e+001 1.677361e+000 1.570725e+000 3.460068e+000 2.257082e+000 2.876270e+000 1.952947e+000 2.285504e+000 1.559396e+000 2.980218e+000 2.363688e+000 1.545973e+000 1.689686e+000 3.912811e-001
<GCONST> 1.008117e+002
<TRANSP> 5
 0.000000e+000 1.000000e+000 0.000000e+000 0.000000e+000 0.000000e+000
 0.000000e+000 9.084008e-001 9.159915e-002 0.000000e+000 0.000000e+000
 0.000000e+000 0.000000e+000 8.864901e-001 1.135099e-001 0.000000e+000
 0.000000e+000 0.000000e+000 0.000000e+000 8.970289e-001 1.029711e-001
 0.000000e+000 0.000000e+000 0.000000e+000 0.000000e+000 0.000000e+000
<ENDHMM>
~h "g"
<BEGINHMM>
<NUMSTATES> 5
<STATE> 2
<MEAN> 25
 3.916422e+000 2.799747e+000 1.084953e+001 1.154317e+001 -2.653185e+000 -5.562796e+000 -4.648772e+000 2.763791e+000 -3.074333e+000 -1.972839e+000 2.608305e+000 2.836947e+000 8.998295e-001 -1.712795e+000 1.915825e+000 -2.117969e+000 -1.352962e+000 -1.218632e+000 -1.094081e+000 7.409642e-001 -9.428231e-001 3.489761e-001 8.089967e-001 5.226954e-001 2.391418e+000
<VARIANCE> 25
 3.296268e+001 1.162249e+002 7.289481e+001 7.815990e+001 6.032798e+001 3.940149e+001 4.673647e+001 4.521429e+001 4.330212e+001 2.849553e+001 3.583535e+001 2.117453e+001 1.674395e+000 7.249517e+000 4.971261e+000 1.053504e+001 5.107051e+000 2.788460e+000 2.834758e+000 3.651595e+000 3.917481e+000 3.568604e+000 4.632446e+000 1.811742e+000 2.185636e+000
<GCONST> 1.090197e+002
<STATE> 3
<MEAN> 25
 6.880303e+000 -9.530392e+000 1.663991e+001 -1.166005e+001 -4.592523e+000 -1.032615e+001 -5.008412e+000 1.089155e+001 -2.747020e+000 6.118715e+000 4.809635e-001 2.135890e+000 -6.506474e-002 -9.480188e-001 -1.191087e+000 -1.684695e+000 1.337673e+000 -1.498703e-001 1.316654e+000 7.789676e-001 1.113946e+000 9.601336e-001 -1.847833e+000 -5.127893e-001 8.063263e-001
<VARIANCE> 25
 7.028528e+000 2.835946e+001 2.450331e+001 1.855551e+001 2.210042e+001 1.564332e+001 2.964938e+001 2.500820e+001 3.498361e+001 1.841746e+001 3.053078e+001 1.708191e+001 3.121836e-001 7.941677e-001 1.096985e+000 2.423325e+000 1.586624e+000 1.239101e+000 1.578384e+000 1.446302e+000 1.835056e+000 2.295818e+000 1.100115e+000 1.382263e+000 7.144963e-001
<GCONST> 8.514627e+001
<STATE> 4
<MEAN> 25
 3.999616e+000 -1.212568e+001 7.062360e+000 -1.325172e+001 2.988847e+000 -6.673453e+000 2.102279e+000 9.933018e+000 1.605591e+000 5.056392e+000 -1.116829e+001 -1.513129e+000 -4.517750e-001 2.934182e-001 -6.601990e-001 6.895224e-001 9.245933e-002 5.850608e-001 2.807424e-001 -5.397699e-001 1.603471e-001 -3.238749e-001 -2.035435e-001 -1.696688e-001 -8.863122e-001
<VARIANCE> 25
 1.630805e+001 2.701201e+001 1.834496e+001 4.362336e+001 2.070207e+001 3.250930e+001 2.239312e+001 3.256413e+001 1.706317e+001 1.926265e+001 2.324601e+001 1.900071e+001 4.075882e-001 1.146304e+000 5.444405e-001 2.168750e+000 1.749675e+000 1.581220e+000 1.325326e+000 1.702707e+000 1.239964e+000 1.204349e+000 2.127769e+000 1.579187e+000 1.024012e+000
<GCONST> 8.658268e+001
<TRANSP> 5
 0.000000e+000 1.000000e+000 0.000000e+000 0.000000e+000 0.000000e+000
 0.000000e+000 8.597637e-001 1.402363e-001 0.000000e+000 0.000000e+000
 0.000000e+000 0.000000e+000 8.393661e-001 1.606340e-001 0.000000e+000
 0.000000e+000 0.000000e+000 0.000000e+000 9.099191e-001 9.008082e-002
 0.000000e+000 0.000000e+000 0.000000e+000 0.000000e+000 0.000000e+000
<ENDHMM>
~h "h"
<BEGINHMM>
<NUMSTATES> 5
<STATE> 2
<MEAN> 25
 7.875230e-002 -7.357809e+000 -4.277497e+000 2.003600e+000 4.741720e+000 3.857132e+000 5.165742e+000 1.434806e-001 -9.621928e-001 -1.406327e+000 -2.405493e+000 -1.120647e-001 -3.497223e-001 6.017638e-001 -2.165343e-001 2.361206e-001 -2.502724e-002 -1.483326e-002 -5.122822e-001 1.332403e-001 -1.725357e-001 8.460329e-002 5.191191e-002 3.191789e-001 -9.276178e-001
<VARIANCE> 25
 4.130033e+001 7.835822e+001 5.166462e+001 2.110972e+001 1.345106e+001 1.508478e+001 2.708372e+001 2.042181e+001 2.555363e+001 2.257182e+001 2.038640e+001 1.363443e+001 2.536316e-001 3.679100e-001 1.019803e+000 1.445420e+000 1.253061e+000 1.083843e+000 2.290431e+000 1.193259e+000 1.360831e+000 1.788489e+000 1.075413e+000 1.617499e+000 2.241843e-001
<GCONST> 8.391234e+001
<STATE> 3
<MEAN> 25
 -3.894822e+000 2.353637e+000 4.920930e+000 2.538207e+000 4.647821e+000 2.070719e+000 -5.322651e+000 -2.242403e+000 -2.023859e+000 -6.174962e-001 -2.112065e+000 2.366630e+000 -4.350915e-001 2.887841e-001 2.047202e-001 -9.966825e-002 -2.050934e-001 8.905319e-003 -1.690560e-001 -2.468752e-001 -1.703475e-001 1.037876e-002 6.828039e-002 -1.579557e-002 2.586393e-002
<VARIANCE> 25
 2.826510e+001 1.712971e+001 3.423870e+001 1.005585e+001 1.517662e+001 1.288235e+001 3.113404e+001 2.021110e+001 2.129807e+001 1.902942e+001 2.623586e+001 1.271704e+001 4.413077e-001 5.024264e-001 5.247040e-001 8.109767e-001 1.435324e+000 1.596318e+000 1.816727e+000 1.583851e+000 1.985963e+000 1.925261e+000 2.233026e+000 7.916102e-001 2.968954e-001
<GCONST> 8.172739e+001
<STATE> 4
<MEAN> 25
 -6.802989e+000 -7.605880e+000 -3.523008e+000 4.247305e+000 1.712287e+000 6.569304e+000 3.208459e+000 3.078885e+000 -1.659989e+000 -1.681914e+000 3.745299e+000 -1.531175e+000 -4.099927e-001 2.307112e-001 -1.977052e-001 5.164057e-002 -5.424190e-001 4.313373e-002 1.441380e-001 -6.115541e-004 1.469164e-001 -2.239443e-001 2.443515e-001 2.135315e-002 -3.961678e-001
<VARIANCE> 25
 1.199599e+002 1.933783e+002 1.180750e+002 6.976339e+000 3.760987e+001 3.381879e+001 5.002949e+001 4.190386e+001 4.712505e+001 2.753783e+001 3.406773e+001 1.682575e+001 2.359009e+000 1.316541e+000 1.646901e+000 6.754813e-001 2.072506e+000 1.939720e+000 1.625273e+000 1.775213e+000 2.287819e+000 1.843189e+000 2.021073e+000 1.630521e+000 1.505140e+000
<GCONST> 9.775970e+001
<TRANSP> 5
 0.000000e+000 1.000000e+000 0.000000e+000 0.000000e+000 0.000000e+000
 0.000000e+000 7.345282e-001 2.654718e-001 0.000000e+000 0.000000e+000
 0.000000e+000 0.000000e+000 8.927172e-001 1.072828e-001 0.000000e+000
 0.000000e+000 0.000000e+000 0.000000e+000 8.242313e-001 1.757687e-001
 0.000000e+000 0.000000e+000 0.000000e+000 0.000000e+000 0.000000e+000
<ENDHMM>
~h "i"
<BEGINHMM>
<NUMSTATES> 5
<STATE> 2
<MEAN> 25
 -4.827934e+000 -4.951387e-001 7.611664e+000 5.546169e+000 -5.325751e+000 -5.250073e+000 2.061690e+000 3.663774e-002 -4.867748e-001 -2.388353e+000 3.513876e+000 2.444681e+000 2.344799e+000 -1.078839e+000 4.908673e+000 -9.464317e-001 -3.000615e+000 3.480511e-001 -6.193506e-001 -1.215416e+000 -2.390481e+000 -8.470019e-002 9.155952e-001 -4.683367e-001 3.305637e+000
<VARIANCE> 25
 9.239034e+001 7.209050e+001 1.351695e+002 1.275556e+002 1.369153e+002 1.110651e+002 1.316192e+002 9.328654e+001 7.829088e+001 6.966707e+001 3.856352e+001 4.174996e+001 6.772048e+000 1.206354e+001 1.761749e+001 1.076260e+001 1.246957e+001 7.865046e+000 7.561941e+000 6.230802e+000 8.036993e+000 5.371780e+000 3.737601e+000 3.035058e+000 1.072432e+001
<GCONST> 1.261919e+002
<STATE> 3
<MEAN> 25
 3.237953e+000 -1.692652e+000 2.852549e+001 -1.984164e+000 -1.513099e+001 1.112512e+000 -3.029253e+000 -3.913265e+000 -1.047650e+001 -2.120304e+000 5.898091e+000 -1.943541e+000 4.565995e-001 -5.939077e-001 5.443632e+000 -3.906711e+000 -1.913724e+000 1.836235e+000 -1.668326e+000 -1.529073e-002 -2.174674e+000 -2.284400e-001 7.755280e-003 -1.221976e+000 2.407727e+000
<VARIANCE> 25
 2.481641e+001 4.241609e+001 1.089772e+002 9.953648e+001 8.428243e+001 7.923616e+001 7.005764e+001 6.858614e+001 8.488185e+001 4.959073e+001 3.426289e+001 3.331096e+001 1.770087e+000 4.496348e+000 1.151317e+001 9.199929e+000 9.135316e+000 6.657814e+000 7.267766e+000 4.847653e+000 5.460945e+000 4.381139e+000 3.232170e+000 3.302453e+000 3.263981e+000
<GCONST> 1.159992e+002
<STATE> 4
<MEAN> 25
 1.860713e+000 9.887084e-002 3.022400e+001 -7.841337e+000 -1.239048e+001 1.570194e+000 -3.372199e+000 -8.687103e-001 -1.298969e+001 -1.962442e+000 2.985450e+000 -2.361799e+000 -1.505730e-001 2.472471e-001 -1.218949e+000 5.318611e-001 6.877683e-001 -3.485396e-001 2.371640e-001 3.053612e-001 4.014186e-001 1.460028e-001 -3.097203e-001 2.881067e-001 -7.188872e-001
<VARIANCE> 25
 1.848281e+001 2.767004e+001 1.167191e+002 6.741149e+001 4.912243e+001 4.972933e+001 4.152105e+001 4.445216e+001 4.886662e+001 3.436188e+001 2.428064e+001 2.489824e+001 4.905434e-001 1.227258e+000 3.971189e+000 3.920810e+000 3.347341e+000 2.714731e+000 2.208591e+000 2.445678e+000 2.444386e+000 2.027674e+000 1.799057e+000 1.487097e+000 1.146867e+000
<GCONST> 9.916000e+001
<TRANSP> 5
 0.000000e+000 1.000000e+000 0.000000e+000 0.000000e+000 0.000000e+000
 0.000000e+000 4.984402e-001 5.015599e-001 0.000000e+000 0.000000e+000
 0.000000e+000 0.000000e+000 5.660484e-001 4.339516e-001 0.000000e+000
 0.000000e+000 0.000000e+000 0.000000e+000 9.096557e-001 9.034426e-002
 0.000000e+000 0.000000e+000 0.000000e+000 0.000000e+000 0.000000e+000
<ENDHMM>
~h "j"
<BEGINHMM>
<NUMSTATES> 5
<STATE> 2
<MEAN> 25
 -2.191365e+000 1.344099e+001 -1.362980e+000 1.251632e+001 3.139984e+000 -4.458973e+000 -4.213480e+000 1.095621e+000 4.489689e+000 -2.614942e+000 -8.522265e-001 6.854598e-001 6.493549e-001 7.414254e-001 2.562089e-001 6.653848e-001 9.715021e-001 -1.506567e-002 7.242493e-003 -2.176296e-001 -1.306380e-002 1.206418e-001 -1.320461e-001 2.950200e-001 2.328273e-001
<VARIANCE> 25
 7.789750e+001 8.687131e+001 4.173413e+001 2.823687e+001 4.220431e+001 2.823983e+001 2.669372e+001 3.814914e+001 5.434926e+001 8.653660e+000 1.259567e+001 9.988694e+000 4.111206e+000 2.157453e+000 1.875603e+000 3.599213e+000 2.514522e+000 4.037507e+000 2.864858e+000 2.368685e+000 2.858334e+000 1.775891e+000 1.553948e+000 1.226572e+000 1.723606e+000
<GCONST> 9.797494e+001
<STATE> 3
<MEAN> 25
 1.426364e+000 1.042311e+001 1.238807e+001 -5.964384e-001 1.879830e+001 -8.542237e+000 -1.258132e+000 -1.435715e-001 -3.671947e-001 5.154233e+000 -2.273959e+000 6.004725e+000 -8.834165e-001 -2.967330e+000 2.471046e+000 -4.227211e+000 9.445245e-001 -2.838949e+000 8.528392e-001 -4.199468e-001 -1.581809e+000 1.910984e-001 -1.081995e+000 1.145237e+000 3.316052e+000
<VARIANCE> 25
 3.336490e+001 1.132840e+002 4.306186e+001 1.197130e+002 1.423314e+002 6.673447e+001 8.652612e+001 2.870984e+001 4.059254e+001 3.124129e+001 1.967992e+001 1.804130e+001 5.405132e+000 5.438520e+000 3.592366e+000 7.007546e+000 2.680733e+001 6.975422e+000 6.393054e+000 5.405603e+000 2.813484e+000 7.819361e+000 1.259021e+000 1.709219e+000 2.959545e+000
<GCONST> 1.130490e+002
<STATE> 4
<MEAN> 25
 3.657908e+000 -6.827143e+000 1.716612e+001 -1.042866e+001 7.609616e-001 -1.523357e+001 6.583333e+000 6.080213e+000 -2.835117e+000 2.456709e+000 -4.568091e+000 6.064402e+000 1.396061e-001 -2.075369e-001 -1.353556e-001 1.229354e-002 -3.697512e-001 3.591133e-002 2.014400e-001 7.731285e-002 1.284711e-002 -4.009928e-002 4.600264e-002 2.953464e-002 1.069740e-001
<VARIANCE> 25
 2.130778e+001 5.300317e+001 3.623098e+001 5.061763e+001 5.060789e+001 3.294854e+001 5.780598e+001 6.384468e+001 6.830452e+001 2.314102e+001 6.392125e+001 1.134992e+001 1.179571e+000 2.000231e+000 3.440266e+000 3.824199e+000 7.397755e+000 2.673475e+000 3.478542e+000 4.610406e+000 5.278042e+000 1.929166e+000 4.425474e+000 1.176507e+000 2.255799e+000
<GCONST> 1.040545e+002
<TRANSP> 5
 0.000000e+000 1.000000e+000 0.000000e+000 0.000000e+000 0.000000e+000
 0.000000e+000 9.097502e-001 9.024981e-002 0.000000e+000 0.000000e+000
 0.000000e+000 0.000000e+000 7.347098e-001 2.652901e-001 0.000000e+000
 0.000000e+000 0.000000e+000 0.000000e+000 9.493560e-001 5.064403e-002
 0.000000e+000 0.000000e+000 0.000000e+000 0.000000e+000 0.000000e+000
<ENDHMM>
~h "k"
<BEGINHMM>
<NUMSTATES> 5
<STATE> 2
<MEAN> 25
 -2.597509e+000 2.068329e+000 -3.337399e+000 8.970849e-001 -2.437753e-002 9.147140e-001 -1.529423e+000 -1.755732e+000 6.102243e-002 -8.803639e-002 -5.230900e-001 -1.001815e-001 -3.313152e-001 2.874658e-001 -3.103088e-001 4.639218e-001 8.541245e-002 -5.579085e-002 -1.590633e-003 3.433821e-002 1.333010e-001 5.906337e-002 8.177046e-002 1.955812e-001 -6.084739e-001
<VARIANCE> 25
 2.048959e+001 4.771537e+001 6.780918e+001 2.627556e+001 3.251728e+001 3.174128e+001 2.124434e+001 2.387230e+001 2.499371e+001 1.928961e+001 1.978899e+001 1.608586e+001 2.631791e-001 5.861272e-001 1.012065e+000 7.800903e-001 1.083956e+000 1.243266e+000 1.265060e+000 1.580535e+000 1.380208e+000 1.109956e+000 1.228086e+000 1.228898e+000 2.588448e-001
<GCONST> 8.379924e+001
<STATE> 3
<MEAN> 25
 -5.491528e+000 2.581134e+000 -5.022473e+000 2.884135e+000 9.126035e-001 -6.942028e-002 -9.408118e-001 -2.694402e-001 4.248326e-001 3.659228e-001 -3.767263e-001 1.703086e-001 4.657955e-001 -1.745600e+000 -1.717310e+000 -1.471890e-001 1.190793e+000 -1.852115e-001 1.233135e-002 7.488880e-001 9.173474e-001 4.254017e-001 -2.566580e-001 -1.669523e-001 1.712969e+000
<VARIANCE> 25
 4.795095e+001 3.516338e+001 4.994317e+001 2.688018e+001 3.386176e+001 2.115622e+001 1.928537e+001 3.096655e+001 2.948194e+001 2.514890e+001 2.165418e+001 1.773836e+001 3.990547e+000 6.121080e+000 4.834970e+000 3.742231e+000 4.738526e+000 4.136980e+000 6.925128e+000 4.802960e+000 2.527922e+000 3.247871e+000 2.487186e+000 2.620216e+000 3.456060e+000
<GCONST> 1.038966e+002
<STATE> 4
<MEAN> 25
 1.195668e+000 -9.586303e+000 -8.915836e+000 -7.375085e-001 8.951681e+000 -3.103869e+000 -4.569291e+000 3.683955e+000 4.929543e+000 2.832532e+000 -1.811761e+000 -1.773029e+000 2.434094e+000 -2.197281e+000 7.446319e-001 -1.937545e+000 3.589089e-002 -7.968589e-002 6.648310e-001 6.311343e-001 4.798183e-001 7.633399e-001 -3.975964e-001 -9.979110e-001 3.894344e+000
<VARIANCE> 25
 7.667966e+001 8.583256e+001 1.013125e+002 1.031228e+002 1.368037e+002 9.259529e+001 1.000088e+002 8.507898e+001 6.450942e+001 5.016437e+001 3.889212e+001 3.614275e+001 5.026473e+000 1.025097e+001 1.079580e+001 6.920857e+000 1.932253e+001 7.593704e+000 1.324993e+001 8.292206e+000 6.497707e+000 5.303797e+000 3.342977e+000 3.382851e+000 5.409081e+000
<GCONST> 1.234163e+002
<TRANSP> 5
 0.000000e+000 1.000000e+000 0.000000e+000 0.000000e+000 0.000000e+000
 0.000000e+000 8.473108e-001 1.526892e-001 0.000000e+000 0.000000e+000
 0.000000e+000 0.000000e+000 5.794563e-001 4.205438e-001 0.000000e+000
 0.000000e+000 0.000000e+000 0.000000e+000 7.320371e-001 2.679630e-001
 0.000000e+000 0.000000e+000 0.000000e+000 0.000000e+000 0.000000e+000
<ENDHMM>
~h "l"
<BEGINHMM>
<NUMSTATES> 5
<STATE> 2
<MEAN> 25
 3.057528e+000 4.678893e+000 -6.236548e+000 1.732427e+000 6.932672e-001 -1.261821e+000 -2.475482e+000 1.867730e+000 5.304273e+000 1.161917e+000 3.573005e-001 -3.400516e-002 2.913787e+000 -3.346071e-001 4.285208e-001 -1.766946e+000 1.860430e-002 4.577437e-001 -1.097418e+000 -1.022675e-001 5.558829e-002 6.991175e-001 -6.405804e-002 -2.288516e-001 2.787471e+000
<VARIANCE> 25
 1.473815e+002 1.657802e+002 1.486903e+002 1.401031e+002 8.653484e+001 9.266418e+001 7.300491e+001 6.625398e+001 5.537611e+001 6.926280e+001 3.648420e+001 4.516906e+001 9.457260e+000 8.246856e+000 9.102054e+000 8.881785e+000 5.634197e+000 7.067148e+000 7.172389e+000 6.297280e+000 3.903966e+000 4.783601e+000 2.616518e+000 3.405312e+000 7.543597e+000
<GCONST> 1.225066e+002
<STATE> 3
<MEAN> 25
 1.239946e+001 -4.359728e+000 2.741350e+000 -1.183141e+001 -1.487345e+000 2.988842e+000 -6.275238e+000 -2.435716e+000 3.595152e+000 6.966956e+000 -7.633260e-001 -1.337744e+000 -3.664263e-001 -2.150373e+000 9.944174e-001 -9.138432e-001 3.670746e-001 6.490943e-001 2.129024e-001 -2.059170e-001 3.422980e-001 5.329728e-001 -1.126090e+000 -6.253116e-002 1.340983e+000
<VARIANCE> 25
 3.486471e+001 6.762051e+001 1.596189e+002 7.401221e+001 8.600318e+001 1.669886e+002 9.899286e+001 1.399946e+002 5.957105e+001 5.298169e+001 5.825002e+001 4.286551e+001 4.692583e-001 5.915846e+000 4.272274e+000 4.422897e+000 5.274093e+000 5.823694e+000 7.013829e+000 7.630582e+000 4.473978e+000 5.095776e+000 3.717983e+000 3.257775e+000 1.921993e+000
<GCONST> 1.157173e+002
<STATE> 4
<MEAN> 25
 8.789974e+000 -6.026536e+000 7.475317e+000 -1.580906e+001 2.610431e+000 -1.754893e+000 -8.256630e+000 -1.727750e+000 2.699846e+000 1.115655e+001 -2.941096e+000 -4.818496e-001 -8.703228e-002 2.659996e-002 -4.472888e-001 2.148836e-001 6.549712e-002 3.842018e-001 5.239678e-001 -1.289790e-001 -2.971783e-001 -1.273659e-001 4.867812e-005 -1.746211e-001 -2.753896e-001
<VARIANCE> 25
 1.677605e+001 3.749142e+001 5.595435e+001 6.217400e+001 5.476873e+001 9.499912e+001 8.907951e+001 1.089070e+002 5.333394e+001 3.955416e+001 4.451029e+001 3.928613e+001 3.884469e-001 1.669250e+000 1.332687e+000 2.506766e+000 2.213541e+000 2.171336e+000 2.520307e+000 3.161648e+000 2.510875e+000 2.466101e+000 2.221443e+000 1.492260e+000 7.656570e-001
<GCONST> 1.005764e+002
<TRANSP> 5
 0.000000e+000 1.000000e+000 0.000000e+000 0.000000e+000 0.000000e+000
 0.000000e+000 7.145950e-001 2.854051e-001 0.000000e+000 0.000000e+000
 0.000000e+000 0.000000e+000 5.022632e-001 4.977368e-001 0.000000e+000
 0.000000e+000 0.000000e+000 0.000000e+000 8.250453e-001 1.749547e-001
 0.000000e+000 0.000000e+000 0.000000e+000 0.000000e+000 0.000000e+000
<ENDHMM>
~h "m"
<BEGINHMM>
<NUMSTATES> 5
<STATE> 2
<MEAN> 25
 8.657574e+000 1.431967e+000 3.142277e+000 6.114816e+000 3.754977e+000 6.624420e+000 5.178108e-002 -1.020119e+001 -9.426289e+000 1.784110e-003 1.141466e-001 2.512656e+000 4.587062e-002 5.355306e-001 -1.157847e-001 6.062331e-001 -1.778746e-001 1.251508e-001 8.963896e-002 -1.528029e-001 -7.002113e-002 -2.011127e-001 -8.893905e-002 2.928340e-001 -4.696923e-001
<VARIANCE> 25
 4.854599e+001 2.756680e+001 6.193554e+001 2.398090e+001 3.114079e+001 3.305919e+001 3.704979e+001 3.959271e+001 4.912402e+001 3.857103e+001 2.887314e+001 2.130573e+001 1.293110e-001 4.178954e-001 5.224850e-001 7.601666e-001 8.442191e-001 9.240379e-001 8.697886e-001 1.421174e+000 1.645308e+000 1.368910e+000 1.088873e+000 1.072178e+000 1.234982e-001
<GCONST> 8.364331e+001
<STATE> 3
<MEAN> 25
 8.723087e-001 5.167828e+000 -2.533880e+000 7.366056e+000 1.354312e+000 4.043645e+000 8.204946e-001 -4.686199e+000 -7.951455e-001 -1.070855e+000 -5.676190e-001 2.128831e+000 -2.973866e-001 1.561187e-002 -2.936828e-001 -8.140649e-002 -1.746616e-001 -2.658771e-001 3.064140e-001 5.385804e-001 6.100418e-001 2.109818e-001 1.053347e-001 -3.846916e-001 -2.652899e-001
<VARIANCE> 25
 1.393409e+002 3.357008e+001 6.825803e+001 1.987065e+001 2.770339e+001 2.775869e+001 2.775862e+001 5.621009e+001 4.374400e+001 2.270609e+001 2.848565e+001 1.974898e+001 1.800607e+000 1.009684e+000 1.403292e+000 1.511835e+000 1.415561e+000 1.640861e+000 1.394282e+000 1.964819e+000 1.705045e+000 1.350011e+000 1.345901e+000 1.229347e+000 1.096749e+000
<GCONST> 9.347130e+001
<STATE> 4
<MEAN> 25
 6.542805e+000 8.043303e+000 -5.231450e+000 8.830894e+000 5.190470e+000 4.951106e+000 8.506227e-001 -7.217987e+000 -4.582912e+000 -1.152354e+000 2.829994e+000 1.062002e+000 2.401844e+000 -1.016012e+000 -6.077822e-001 -1.217672e+000 -8.885851e-002 5.840129e-001 -3.866814e-001 1.437846e-001 3.824823e-001 -4.215077e-001 -3.194498e-002 -1.121458e-001 2.368460e+000
<VARIANCE> 25
 1.409467e+002 1.345455e+002 8.418445e+001 6.186466e+001 5.242091e+001 4.216813e+001 4.275704e+001 7.547415e+001 8.277614e+001 3.631954e+001 3.625147e+001 1.548818e+001 8.228735e+000 1.330732e+001 8.071521e+000 9.512427e+000 5.794763e+000 5.761506e+000 5.800723e+000 1.061439e+001 1.336197e+001 3.681214e+000 3.290252e+000 1.905042e+000 3.429393e+000
<GCONST> 1.181033e+002
<TRANSP> 5
 0.000000e+000 1.000000e+000 0.000000e+000 0.000000e+000 0.000000e+000
 0.000000e+000 8.677966e-001 1.322034e-001 0.000000e+000 0.000000e+000
 0.000000e+000 0.000000e+000 6.930610e-001 3.069390e-001 0.000000e+000
 0.000000e+000 0.000000e+000 0.000000e+000 7.149765e-001 2.850235e-001
 0.000000e+000 0.000000e+000 0.000000e+000 0.000000e+000 0.000000e+000
<ENDHMM>
~h "n"
<BEGINHMM>
<NUMSTATES> 5
<STATE> 2
<MEAN> 25
 7.399426e+000 -8.633693e+000 1.209536e+001 -8.781287e+000 -1.658308e+000 -5.863499e+000 1.736161e+000 5.074131e+000 -3.548003e+000 2.782264e+000 -3.794412e+000 4.308784e-001 -1.144230e-001 2.318707e+000 5.633806e-001 1.944016e+000 -4.229584e-001 -3.266604e-001 -1.117122e+000 -2.457475e+000 -5.032045e-001 7.020385e-001 2.754809e-001 3.779837e-001 -1.857329e+000
<VARIANCE> 25
 1.303476e+001 4.129317e+001 1.533896e+002 1.068882e+002 5.950161e+001 3.036239e+001 4.898875e+001 6.355273e+001 5.290959e+001 2.791791e+001 4.550998e+001 1.573093e+001 2.942948e-001 2.703539e+000 2.083863e+000 4.467283e+000 2.007346e+000 1.523086e+000 2.536743e+000 4.138674e+000 2.006770e+000 1.681612e+000 1.509986e+000 1.138546e+000 1.613209e+000
<GCONST> 9.906165e+001
<STATE> 3
<MEAN> 25
 8.772120e+000 1.732102e+000 6.302145e+000 4.359097e+000 -2.110443e+000 -5.855002e+000 -4.132187e+000 -4.574063e+000 -3.701096e+000 2.897722e+000 -3.979934e+000 1.248135e+000 -9.136590e-002 6.826249e-001 -1.891242e-001 6.635945e-001 -5.510280e-002 3.824248e-001 -3.994355e-002 -1.525130e-001 1.734088e-001 -1.523307e-001 2.052300e-001 3.586781e-003 -6.886985e-001
<VARIANCE> 25
 9.176086e+000 2.073357e+001 2.885549e+001 3.341214e+001 2.992369e+001 2.737596e+001 2.750235e+001 4.670824e+001 2.722522e+001 2.701657e+001 2.752715e+001 1.408198e+001 1.757905e-001 3.169534e-001 5.937306e-001 6.902021e-001 1.177593e+000 1.091668e+000 1.170228e+000 1.378822e+000 1.256556e+000 1.148515e+000 1.059965e+000 1.063101e+000 8.960564e-002
<GCONST> 7.951765e+001
<STATE> 4
<MEAN> 25
 1.722304e+000 3.592969e+000 9.878855e-001 9.609331e+000 -8.807711e-001 -2.303380e+000 7.069342e-001 9.380492e-001 9.666223e-002 -1.030842e+000 1.482850e-001 2.194635e+000 -6.852971e-001 -1.274490e-001 -8.580295e-001 8.286253e-002 2.796128e-002 -6.381758e-002 2.187834e-001 3.567387e-001 2.966018e-001 -2.769952e-001 1.806212e-001 1.558718e-001 -7.162437e-001
<VARIANCE> 25
 2.241234e+001 2.835316e+001 6.873682e+001 5.077572e+001 4.792019e+001 4.147908e+001 3.116042e+001 5.022444e+001 3.272448e+001 4.214810e+001 2.501995e+001 2.646072e+001 5.048358e-001 1.361604e+000 1.243547e+000 1.877383e+000 1.887631e+000 2.767339e+000 2.111866e+000 2.365630e+000 1.774476e+000 1.723882e+000 1.617781e+000 1.658473e+000 3.694790e-001
<GCONST> 9.407819e+001
<TRANSP> 5
 0.000000e+000 1.000000e+000 0.000000e+000 0.000000e+000 0.000000e+000
 0.000000e+000 7.582953e-001 2.417047e-001 0.000000e+000 0.000000e+000
 0.000000e+000 0.000000e+000 9.121262e-001 8.787383e-002 0.000000e+000
 0.000000e+000 0.000000e+000 0.000000e+000 8.818755e-001 1.181244e-001
 0.000000e+000 0.000000e+000 0.000000e+000 0.000000e+000 0.000000e+000
<ENDHMM>
~h "o"
<BEGINHMM>
<NUMSTATES> 5
<STATE> 2
<MEAN> 25
 7.411036e+000 -6.677256e+000 1.779690e+001 -1.557948e+001 -3.110188e+000 -5.447498e+000 -4.884380e+000 3.753187e+000 -1.195898e+001 1.025408e+001 2.814967e+000 1.209273e+000 3.850940e-001 1.362311e-001 -1.853589e+000 -1.385704e+000 8.440971e-001 6.768782e-001 4.447426e-001 -6.303036e-001 6.868136e-001 6.462135e-001 2.258547e-001 6.349862e-001 1.693131e-001
<VARIANCE> 25
 5.710878e+001 3.930259e+001 1.498744e+002 8.516379e+001 3.858433e+001 3.542115e+001 1.159203e+001 1.817195e+001 6.913716e+001 3.346183e+001 1.225377e+001 6.215221e+000 2.333450e-001 3.140973e-001 1.276031e+000 1.531999e+000 1.720985e+000 4.965359e+000 2.026234e+000 2.443398e+000 4.289998e+000 1.624217e+000 2.655192e+000 1.426006e+000 1.885066e-001
<GCONST> 9.117331e+001
<STATE> 3
<MEAN> 25
 1.152636e+001 -9.882904e+000 5.149934e+000 -1.858113e+001 -1.090235e-001 1.943947e-001 -2.051788e+000 3.547568e+000 -2.542017e+000 8.463898e+000 -5.536589e-001 1.772227e+000 -1.069694e-001 -3.545434e-002 8.960497e-002 5.593529e-001 -3.071232e-001 -7.555805e-001 4.897464e-001 7.152358e-001 2.455079e-001 -5.555191e-001 -2.003932e-001 -2.109225e-001 -7.873522e-002
<VARIANCE> 25
 4.643518e+001 4.258152e+001 3.068676e+001 5.967921e+001 1.574063e+001 1.324566e+002 8.923627e+001 8.825967e+001 6.660626e+000 2.395661e+001 1.706988e+001 1.192130e+001 3.246828e-001 1.999002e+000 6.340415e-001 1.759390e+000 1.234302e+000 6.026139e+000 6.569311e+000 3.232177e+000 1.477833e+000 1.042315e+000 2.499458e+000 1.478366e+000 7.727509e-001
<GCONST> 9.427187e+001
<STATE> 4
<MEAN> 25
 7.461262e+000 -5.059958e+000 1.869084e+000 -2.692371e+000 -2.084967e+000 -2.452098e+000 2.038800e+000 2.292863e+000 -7.138968e-001 -5.299063e-001 7.623340e-001 -1.151967e+000 -5.888960e-001 2.082863e+000 -2.658801e-002 3.172425e+000 1.923328e+000 1.901394e+000 -1.167648e+000 -2.243981e+000 -1.017999e+000 -9.717587e-001 -6.411308e-001 -4.492949e-001 -2.230814e+000
<VARIANCE> 25
 1.486448e+002 6.722994e+001 2.660684e+001 6.185549e+001 2.714141e+001 1.429710e+002 8.587240e+000 1.197854e+002 1.460001e+001 3.330684e+001 1.355315e+001 1.655574e+001 1.620785e+000 9.816689e-001 2.366210e+000 5.158432e+000 1.174464e+000 2.585737e+000 9.393309e-001 2.512119e+000 4.857137e+000 1.270701e+000 1.060642e+000 4.969977e-001 2.808739e+000
<GCONST> 9.651054e+001
<TRANSP> 5
 0.000000e+000 1.000000e+000 0.000000e+000 0.000000e+000 0.000000e+000
 0.000000e+000 8.168575e-001 1.831425e-001 0.000000e+000 0.000000e+000
 0.000000e+000 0.000000e+000 8.842281e-001 1.157719e-001 0.000000e+000
 0.000000e+000 0.000000e+000 0.000000e+000 5.870862e-001 4.129138e-001
 0.000000e+000 0.000000e+000 0.000000e+000 0.000000e+000 0.000000e+000
<ENDHMM>
~h "p"
<BEGINHMM>
<NUMSTATES> 5
<STATE> 2
<MEAN> 25
 -1.155853e+000 8.415958e-001 -9.712242e-001 2.682806e+000 -1.999298e+000 3.986013e-001 -2.521692e+000 -1.868225e+000 5.570830e-002 -2.034047e-001 5.876482e-001 6.581358e-001 -4.051812e-001 2.735826e-001 -6.815164e-001 1.947434e-001 8.746023e-003 -1.386583e-001 1.266329e-001 -8.178504e-002 1.888719e-001 -8.252773e-002 -6.435811e-003 5.798554e-002 -7.346911e-001
<VARIANCE> 25
 1.413165e+001 2.244059e+001 3.930616e+001 3.056068e+001 2.634257e+001 1.990478e+001 2.151516e+001 3.109124e+001 2.719424e+001 2.142596e+001 2.300016e+001 1.674358e+001 2.446251e-001 3.854180e-001 7.276589e-001 7.403640e-001 1.034692e+000 1.058331e+000 1.037636e+000 1.180630e+000 1.331405e+000 1.306912e+000 1.207734e+000 1.142716e+000 1.377902e-001
<GCONST> 8.009409e+001
<STATE> 3
<MEAN> 25
 -2.982335e+000 3.204540e+000 -3.757508e+000 4.499100e+000 -1.399065e-001 7.320926e-001 -1.646295e+000 -2.724536e+000 1.769442e-001 -6.215898e-001 2.278585e-001 1.015634e+000 8.204736e-001 -6.245351e-001 -1.305779e+000 -2.016963e-001 -3.470981e-002 -3.812947e-001 5.408813e-001 3.387118e-001 -2.555090e-002 1.472575e-001 9.942625e-002 -1.638834e-002 8.314490e-001
<VARIANCE> 25
 3.457421e+001 2.582688e+001 4.730328e+001 1.912669e+001 2.504941e+001 1.759355e+001 2.199460e+001 2.831049e+001 2.280143e+001 1.835514e+001 1.797566e+001 1.409520e+001 1.509359e+000 1.248166e+000 1.871521e+000 3.345249e+000 2.374573e+000 1.908286e+000 2.808171e+000 2.402666e+000 1.799655e+000 1.852233e+000 2.534759e+000 1.652062e+000 1.013215e+000
<GCONST> 9.218014e+001
<STATE> 4
<MEAN> 25
 4.919875e+000 -1.717889e+000 -8.978692e+000 3.600806e+000 -2.290396e+000 4.684673e-001 2.364496e+000 -1.267736e+000 -1.156682e+000 -3.930669e-001 1.691548e+000 -6.469864e-001 3.771835e+000 -2.003500e+000 -9.319843e-001 -2.241880e+000 -4.796482e-001 6.098822e-001 9.951974e-001 4.657809e-001 -7.182556e-001 5.479008e-001 1.362476e-001 -1.108344e+000 4.163260e+000
<VARIANCE> 25
 8.213927e+001 6.894597e+001 5.881696e+001 7.448393e+001 3.592692e+001 4.853341e+001 4.689613e+001 3.004260e+001 3.501850e+001 2.765002e+001 2.562515e+001 2.984333e+001 4.457035e+000 1.164574e+001 6.619783e+000 1.165840e+001 5.053065e+000 5.653900e+000 5.016964e+000 4.226462e+000 3.823919e+000 4.786777e+000 2.895248e+000 3.531906e+000 6.841274e+000
<GCONST> 1.130601e+002
<TRANSP> 5
 0.000000e+000 1.000000e+000 0.000000e+000 0.000000e+000 0.000000e+000
 0.000000e+000 8.839149e-001 1.160850e-001 0.000000e+000 0.000000e+000
 0.000000e+000 0.000000e+000 3.086737e-001 6.913263e-001 0.000000e+000
 0.000000e+000 0.000000e+000 0.000000e+000 6.171854e-001 3.828146e-001
 0.000000e+000 0.000000e+000 0.000000e+000 0.000000e+000 0.000000e+000
<ENDHMM>
~h "r"
<BEGINHMM>
<NUMSTATES> 5
<STATE> 2
<MEAN> 25
 1.037880e+001 -1.092083e+001 5.403620e+000 -5.530519e+000 -3.514283e+000 -3.226082e+000 -5.858824e+000 -8.655573e-001 1.744113e-001 5.625526e+000 -1.175897e+000 1.981558e+000 2.580187e-001 -3.444430e-001 -1.079399e+000 1.691312e+000 -3.301214e-002 -3.949045e-001 -1.159512e-001 -2.538221e-001 1.607222e+000 -5.181095e-001 -9.527808e-001 8.430563e-001 -3.604482e-001
<VARIANCE> 25
 1.859430e+001 3.191977e+001 8.807071e+001 7.773281e+001 4.718795e+001 6.324320e+001 8.822707e+001 8.665038e+001 7.597812e+001 4.517238e+001 4.881009e+001 3.639592e+001 9.405750e-001 1.462650e+000 1.498929e+000 5.720077e+000 2.829552e+000 3.229643e+000 2.610564e+000 2.668082e+000 2.645863e+000 3.670633e+000 1.935175e+000 2.295833e+000 1.041208e+000
<GCONST> 1.041568e+002
<STATE> 3
<MEAN> 25
 8.882058e+000 -7.714211e+000 -9.798500e-001 6.159874e+000 -7.518210e-001 6.609660e-001 -3.809968e+000 2.654248e-001 7.596430e+000 1.062200e+000 -3.487474e+000 4.529236e+000 -8.929332e-001 7.627223e-001 -1.649409e-001 1.037892e+000 6.417654e-001 7.289776e-001 6.371443e-001 3.912513e-001 1.179942e-001 -3.751155e-001 2.850687e-001 8.483198e-003 -1.313410e+000
<VARIANCE> 25
 3.442796e+001 2.765780e+001 3.887505e+001 4.155085e+001 3.880708e+001 4.221394e+001 5.796912e+001 5.534538e+001 3.951234e+001 3.130785e+001 3.694605e+001 3.430322e+001 1.513355e+000 1.139963e+000 1.281906e+000 1.747554e+000 2.481396e+000 2.284778e+000 2.759991e+000 2.645649e+000 2.303944e+000 1.984116e+000 1.704960e+000 2.222454e+000 9.752139e-001
<GCONST> 9.783498e+001
<STATE> 4
<MEAN> 25
 -1.243124e+000 8.940235e-001 -8.671987e+000 7.877115e+000 9.560531e-001 -8.917205e-001 -1.270240e+000 4.073585e-001 5.322339e+000 -1.170112e+000 -1.280479e+000 1.119412e+000 -4.645888e-001 6.395485e-001 -3.263699e-001 -1.289613e-001 -8.463889e-002 -1.946858e-001 -1.292667e-002 -1.532513e-001 -1.750125e-001 -4.481021e-002 1.266770e-001 -2.308630e-001 -7.228719e-001
<VARIANCE> 25
 2.316230e+001 3.452317e+001 4.742985e+001 2.061039e+001 2.736910e+001 2.403773e+001 2.007474e+001 2.219863e+001 2.148265e+001 1.744896e+001 1.877075e+001 1.971446e+001 2.663533e-001 3.942887e-001 8.694577e-001 7.320244e-001 9.518462e-001 1.267681e+000 1.240130e+000 1.264362e+000 1.355274e+000 1.288364e+000 1.068783e+000 1.234548e+000 1.444112e-001
<GCONST> 8.077654e+001
<TRANSP> 5
 0.000000e+000 1.000000e+000 0.000000e+000 0.000000e+000 0.000000e+000
 0.000000e+000 8.097695e-001 1.902306e-001 0.000000e+000 0.000000e+000
 0.000000e+000 0.000000e+000 8.329323e-001 1.670677e-001 0.000000e+000
 0.000000e+000 0.000000e+000 0.000000e+000 9.133672e-001 8.663277e-002
 0.000000e+000 0.000000e+000 0.000000e+000 0.000000e+000 0.000000e+000
<ENDHMM>
~h "s"
<BEGINHMM>
<NUMSTATES> 5
<STATE> 2
<MEAN> 25
 3.081474e+000 -3.349394e+000 4.292703e+000 -3.383984e+000 1.056080e+001 -5.900936e+000 4.453506e+000 1.591645e+000 -5.610025e-003 -5.685406e-001 -4.235993e+000 6.253711e+000 -1.484161e+000 1.108828e-001 1.423962e+000 -1.990532e+000 3.434966e+000 -2.945792e+000 1.840739e+000 -1.644718e+000 -1.336748e-002 -2.213890e-001 3.609579e-001 -9.784315e-003 2.035038e+000
<VARIANCE> 25
 1.004953e+002 9.734155e+001 1.248588e+002 8.797508e+001 1.011969e+002 1.088230e+002 6.525866e+001 9.654614e+001 4.349954e+001 4.731587e+001 3.662097e+001 2.551121e+001 9.062189e+000 8.320162e+000 8.185464e+000 7.928551e+000 5.859405e+000 7.639937e+000 5.718207e+000 1.118190e+001 5.962026e+000 5.230584e+000 3.967690e+000 3.942280e+000 6.894909e+000
<GCONST> 1.215397e+002
<STATE> 3
<MEAN> 25
 -9.673423e+000 -1.449752e+000 9.174358e+000 -1.137710e+001 2.024242e+001 -1.579814e+001 1.296159e+001 -5.898376e+000 4.115435e+000 -1.794057e+000 9.957857e-001 1.816846e+000 -5.789279e-001 1.312513e-001 -1.891373e-001 1.356446e-001 -2.564251e-001 2.920982e-001 -2.350425e-001 8.746821e-002 2.848885e-001 8.356324e-002 2.793348e-001 -2.492862e-001 -5.489362e-001
<VARIANCE> 25
 9.814134e+001 5.050330e+001 4.882431e+001 4.456741e+001 4.639481e+001 3.531179e+001 3.531863e+001 2.592306e+001 2.696684e+001 1.950897e+001 2.332326e+001 1.768378e+001 7.010762e+000 3.284846e+000 3.100142e+000 3.268680e+000 2.435925e+000 2.655621e+000 2.404116e+000 2.444286e+000 2.464459e+000 2.030507e+000 2.280017e+000 1.517773e+000 3.138113e+000
<GCONST> 1.017350e+002
<STATE> 4
<MEAN> 25
 -9.035962e+000 2.806546e+000 2.631188e+000 -3.870094e+000 1.032593e+001 -6.937868e+000 3.530592e+000 -9.370215e-001 1.057292e+000 1.109835e+000 -1.978103e+000 1.014141e+000 2.399623e-001 3.987925e-001 -8.807824e-001 6.241151e-001 -9.337795e-001 6.629317e-001 -5.737309e-001 3.262804e-001 -3.332085e-001 -5.361456e-002 -8.838578e-002 1.349877e-002 -1.127476e+000
<VARIANCE> 25
 2.684201e+001 2.718103e+001 6.459948e+001 3.651091e+001 4.558377e+001 2.882127e+001 2.823685e+001 2.438385e+001 2.162938e+001 1.627323e+001 1.842798e+001 1.240292e+001 7.217142e-001 7.160959e-001 8.620313e-001 1.127656e+000 9.417893e-001 1.239366e+000 1.178076e+000 1.450132e+000 1.441543e+000 1.094319e+000 1.343435e+000 1.040848e+000 2.188900e-001
<GCONST> 8.458952e+001
<TRANSP> 5
 0.000000e+000 1.000000e+000 0.000000e+000 0.000000e+000 0.000000e+000
 0.000000e+000 7.755579e-001 2.244422e-001 0.000000e+000 0.000000e+000
 0.000000e+000 0.000000e+000 9.052281e-001 9.477186e-002 0.000000e+000
 0.000000e+000 0.000000e+000 0.000000e+000 8.818794e-001 1.181205e-001
 0.000000e+000 0.000000e+000 0.000000e+000 0.000000e+000 0.000000e+000
<ENDHMM>
~h "t"
<BEGINHMM>
<NUMSTATES> 5
<STATE> 2
<MEAN> 25
 -5.831770e+000 5.011772e+000 -5.133312e+000 2.391191e+000 -1.086747e+000 -1.623121e+000 -1.019839e+000 -4.987733e-001 5.513697e-001 -1.274060e+000 1.716598e-001 2.069612e-001 -4.495216e-001 2.690415e-001 -2.103173e-001 3.290988e-001 -1.127531e-001 -1.600940e-003 6.914371e-002 -1.125631e-001 6.677143e-002 -1.186961e-001 1.091813e-001 -2.232118e-002 -6.191224e-001
<VARIANCE> 25
 4.006820e+001 3.727286e+001 3.889223e+001 3.399625e+001 2.183192e+001 2.657527e+001 2.343830e+001 3.052052e+001 2.547303e+001 1.553931e+001 1.803693e+001 1.309276e+001 1.730817e-001 3.588301e-001 7.665308e-001 7.580851e-001 8.019471e-001 1.104281e+000 1.154793e+000 1.195788e+000 1.251317e+000 9.232359e-001 1.014896e+000 1.166494e+000 1.162476e-001
<GCONST> 7.986497e+001
<STATE> 3
<MEAN> 25
 -1.103619e+001 5.707426e+000 -4.628857e+000 5.213317e+000 -2.782340e-001 9.215532e-002 1.173297e+000 4.527844e-001 2.046896e+000 -5.884475e-001 1.388611e+000 4.481071e-001 5.617281e-001 -9.845042e-001 6.018509e-002 9.592795e-002 -4.124983e-001 -4.535818e-001 6.039026e-001 7.414605e-001 1.280632e-001 1.027705e-001 3.936231e-001 6.122615e-002 1.178956e+000
<VARIANCE> 25
 1.054205e+002 3.634574e+001 2.601630e+001 1.943934e+001 1.738039e+001 2.464875e+001 2.574961e+001 1.850867e+001 2.518208e+001 1.617063e+001 1.678661e+001 1.573166e+001 6.413798e+000 4.541824e+000 2.919046e+000 2.787596e+000 3.656023e+000 3.313981e+000 4.469642e+000 3.517075e+000 3.615049e+000 2.477679e+000 1.732319e+000 2.175881e+000 4.579927e+000
<GCONST> 9.999498e+001
<STATE> 4
<MEAN> 25
 -1.376948e+000 -4.826559e+000 -7.750589e-001 1.492455e+000 -9.591761e-001 -2.359737e+000 -3.346993e+000 3.431326e+000 5.200695e-001 2.288812e-001 2.048737e+000 -4.403560e-001 4.123408e+000 -3.115950e+000 2.354589e+000 -2.831089e+000 -4.164816e-001 -4.892375e-001 -8.825930e-001 9.127110e-001 -1.606753e+000 6.387300e-001 3.862445e-001 -5.309580e-002 5.982451e+000
<VARIANCE> 25
 9.301270e+001 1.017642e+002 7.746462e+001 7.042937e+001 7.054202e+001 7.780990e+001 1.074569e+002 4.884146e+001 8.244109e+001 3.534928e+001 3.590939e+001 2.692690e+001 7.301914e+000 1.315920e+001 8.641084e+000 1.053399e+001 1.122569e+001 8.501760e+000 1.323373e+001 7.767522e+000 1.176722e+001 5.034556e+000 4.947132e+000 4.812019e+000 7.448691e+000
<GCONST> 1.232616e+002
<TRANSP> 5
 0.000000e+000 1.000000e+000 0.000000e+000 0.000000e+000 0.000000e+000
 0.000000e+000 8.471941e-001 1.528060e-001 0.000000e+000 0.000000e+000
 0.000000e+000 0.000000e+000 5.483552e-001 4.516448e-001 0.000000e+000
 0.000000e+000 0.000000e+000 0.000000e+000 6.238443e-001 3.761556e-001
 0.000000e+000 0.000000e+000 0.000000e+000 0.000000e+000 0.000000e+000
<ENDHMM>
~h "u"
<BEGINHMM>
<NUMSTATES> 5
<STATE> 2
<MEAN> 25
 1.215771e+001 5.152985e+000 -2.627569e+000 -5.503753e+000 -4.053387e+000 1.635439e+000 -7.096909e-001 -1.349972e+000 -6.090540e+000 -2.306074e+000 2.252262e+000 1.229071e+000 8.071770e-001 5.197892e-001 1.151891e-001 -2.996927e+000 -2.611800e-001 7.520494e-001 -4.814757e-001 -3.742826e-003 -1.030431e+000 1.519446e-001 4.935654e-001 -3.358320e-002 9.739451e-001
<VARIANCE> 25
 8.057570e+001 8.603161e+001 8.432904e+001 1.573011e+002 4.862857e+001 4.358118e+001 5.496154e+001 6.226781e+001 7.894325e+001 5.176641e+001 3.816935e+001 3.128218e+001 2.655182e+000 5.039735e+000 3.793888e+000 6.533506e+000 4.216388e+000 4.338203e+000 4.478989e+000 5.575779e+000 4.830585e+000 4.958781e+000 3.818757e+000 2.562495e+000 1.481441e+000
<GCONST> 1.132597e+002
<STATE> 3
<MEAN> 25
 1.242334e+001 6.229410e+000 4.089590e+000 -2.117118e+001 -4.331490e+000 2.649730e+000 -6.948432e+000 4.910953e-001 -1.117664e+001 -1.350754e+000 9.710575e-001 -1.195247e+000 -1.864162e-001 2.978910e-001 -1.455109e-001 -6.499270e-001 -1.349711e-001 3.040958e-002 -2.530020e-001 6.828672e-002 4.162180e-001 1.543308e-001 -2.665979e-001 -1.745573e-001 -2.085677e-001
<VARIANCE> 25
 1.763523e+001 4.259391e+001 5.730785e+001 1.336236e+002 4.689058e+001 5.600569e+001 5.599891e+001 6.133346e+001 6.301220e+001 7.151533e+001 4.148087e+001 3.578337e+001 2.155840e-001 1.039146e+000 1.295574e+000 3.263083e+000 1.246043e+000 2.099358e+000 2.181507e+000 2.541644e+000 2.328519e+000 3.358623e+000 1.955916e+000 1.832333e+000 4.570250e-001
<GCONST> 9.841313e+001
<STATE> 4
<MEAN> 25
 6.663841e+000 1.051363e+001 -4.883227e+000 -8.124516e+000 -4.350488e+000 8.988144e-001 -1.999546e+000 -1.152067e+000 -2.352138e+000 -1.394796e+000 6.646051e-001 -1.718184e-001 -8.388385e-001 -3.501838e-002 -3.969147e-001 1.068460e+000 2.941663e-001 -6.591101e-002 2.466111e-001 -2.639765e-001 4.157978e-001 1.675051e-001 2.311942e-002 3.320296e-002 -9.500425e-001
<VARIANCE> 25
 6.001212e+001 4.173471e+001 5.951590e+001 8.400303e+001 4.926466e+001 4.340855e+001 4.339166e+001 4.003876e+001 3.732985e+001 5.076747e+001 2.726502e+001 2.157112e+001 8.293905e-001 7.836064e-001 1.417316e+000 3.127027e+000 1.628566e+000 1.959576e+000 1.704033e+000 1.921599e+000 1.877043e+000 1.907351e+000 1.655879e+000 1.353580e+000 7.498395e-001
<GCONST> 9.654101e+001
<TRANSP> 5
 0.000000e+000 1.000000e+000 0.000000e+000 0.000000e+000 0.000000e+000
 0.000000e+000 7.475783e-001 2.524217e-001 0.000000e+000 0.000000e+000
 0.000000e+000 0.000000e+000 8.045837e-001 1.954163e-001 0.000000e+000
 0.000000e+000 0.000000e+000 0.000000e+000 8.758672e-001 1.241328e-001
 0.000000e+000 0.000000e+000 0.000000e+000 0.000000e+000 0.000000e+000
<ENDHMM>
~h "w"
<BEGINHMM>
<NUMSTATES> 5
<STATE> 2
<MEAN> 25
 -8.322042e+000 2.079415e+000 -2.146816e+000 9.544550e+000 -5.135665e+000 -4.967626e+000 5.475093e-001 1.858608e+000 3.835748e-001 -5.100170e+000 3.371451e+000 3.102130e+000 1.343949e+000 1.394655e+000 4.245368e-001 1.180888e-001 -4.578656e-001 -6.413394e-001 -1.783897e-002 1.650163e-001 -7.756362e-003 -4.032620e-001 -2.809337e-001 -2.380677e-001 4.897866e-001
<VARIANCE> 25
 1.406654e+002 1.397216e+002 9.756902e+001 2.247311e+002 6.655460e+001 6.291248e+001 4.025473e+001 5.299898e+001 2.799177e+001 4.323863e+001 3.495050e+001 4.037646e+001 6.906951e+000 5.654476e+000 5.252844e+000 3.942325e+000 3.907878e+000 2.815198e+000 2.398672e+000 2.102255e+000 2.693082e+000 3.192034e+000 2.244141e+000 1.439001e+000 3.522486e+000
<GCONST> 1.114788e+002
<STATE> 3
<MEAN> 25
 1.481289e+001 1.703900e+001 -5.276018e+000 -1.024306e+001 -1.190863e+001 2.124442e+000 3.469730e+000 -1.798792e+000 -1.928355e+000 -7.435479e+000 4.177135e-001 4.823797e+000 8.178433e-001 -1.898179e+000 -4.880583e-001 -2.885319e+000 -2.429334e-002 3.074923e+000 -1.134538e-001 -1.073556e+000 4.363324e-001 8.002080e-001 1.117606e+000 1.008777e+000 1.823835e+000
<VARIANCE> 25
 1.018453e+001 4.930178e+001 2.752205e+001 6.329521e+001 2.465686e+001 8.770516e+001 2.172737e+001 2.498804e+001 4.216814e+001 2.427809e+001 2.552383e+001 2.650284e+001 2.393856e+000 4.712653e+000 3.434056e+000 2.684348e+000 5.139660e+000 7.737835e+000 4.101662e+000 2.135427e+000 3.179066e+000 5.361483e+000 2.410266e+000 3.076168e+000 8.242668e-001
<GCONST> 1.021962e+002
<STATE> 4
<MEAN> 25
 1.336737e+001 -4.294900e+000 5.207694e-001 -2.166521e+001 -2.500651e+000 1.779603e+001 -6.811271e+000 -7.251447e+000 3.209010e+000 8.209468e+000 4.767680e+000 -2.541044e+000 -9.933244e-001 -4.243239e+000 1.678127e+000 4.293778e-001 2.241224e+000 -1.128632e+000 -1.007545e+000 1.945672e+000 9.504145e-001 2.114183e+000 -1.827739e+000 -2.766720e+000 2.089362e+000
<VARIANCE> 25
 5.128252e+000 5.458620e+001 4.479706e+001 2.109698e+001 3.087379e+001 5.108940e+001 5.075743e+001 5.422297e+001 5.124789e+001 3.101758e+001 4.112730e+001 3.595042e+001 2.484075e-001 1.217477e+000 2.078175e+000 3.561329e+000 4.159614e+000 1.124640e+001 4.679512e+000 7.969064e+000 5.621986e+000 6.488622e+000 4.825247e+000 2.830677e+000 2.962528e-001
<GCONST> 1.016510e+002
<TRANSP> 5
 0.000000e+000 1.000000e+000 0.000000e+000 0.000000e+000 0.000000e+000
 0.000000e+000 8.623941e-001 1.376060e-001 0.000000e+000 0.000000e+000
 0.000000e+000 0.000000e+000 8.345649e-001 1.654351e-001 0.000000e+000
 0.000000e+000 0.000000e+000 0.000000e+000 7.864032e-001 2.135969e-001
 0.000000e+000 0.000000e+000 0.000000e+000 0.000000e+000 0.000000e+000
<ENDHMM>
~h "y"
<BEGINHMM>
<NUMSTATES> 5
<STATE> 2
<MEAN> 25
 -1.513887e-008 8.685321e-009 6.289883e-008 7.186313e-008 3.131923e-008 4.571417e-008 5.014053e-008 1.333485e-008 -7.134006e-008 8.713219e-009 1.011273e-009 4.209684e-008 -6.534437e-003 7.731597e-003 -5.306157e-003 4.609803e-003 -4.191151e-003 8.242088e-003 -6.219152e-003 5.951754e-003 -5.249157e-003 1.868283e-003 2.200403e-003 -1.269434e-003 2.744509e-003
<VARIANCE> 25
 6.716856e+001 2.941401e+001 5.663681e+001 4.741492e+001 4.696264e+001 4.914315e+001 4.999928e+001 4.303569e+001 5.672998e+001 3.222253e+001 2.850756e+001 4.103967e+001 2.100924e+000 1.434693e+000 1.891293e+000 2.194988e+000 2.363979e+000 2.636887e+000 2.464799e+000 2.732278e+000 2.851009e+000 2.222413e+000 2.036798e+000 2.011688e+000 1.909456e+000
<GCONST> 1.015924e+002
<STATE> 3
<MEAN> 25
 -1.513887e-008 8.685321e-009 6.289883e-008 7.186313e-008 3.131923e-008 4.571417e-008 5.014053e-008 1.333485e-008 -7.134006e-008 8.713219e-009 1.011273e-009 4.209684e-008 -6.534437e-003 7.731597e-003 -5.306157e-003 4.609803e-003 -4.191151e-003 8.242088e-003 -6.219152e-003 5.951754e-003 -5.249157e-003 1.868283e-003 2.200403e-003 -1.269434e-003 2.744509e-003
<VARIANCE> 25
 6.716856e+001 2.941401e+001 5.663681e+001 4.741492e+001 4.696264e+001 4.914315e+001 4.999928e+001 4.303569e+001 5.672998e+001 3.222253e+001 2.850756e+001 4.103967e+001 2.100924e+000 1.434693e+000 1.891293e+000 2.194988e+000 2.363979e+000 2.636887e+000 2.464799e+000 2.732278e+000 2.851009e+000 2.222413e+000 2.036798e+000 2.011688e+000 1.909456e+000
<GCONST> 1.015924e+002
<STATE> 4
<MEAN> 25
 -1.513887e-008 8.685321e-009 6.289883e-008 7.186313e-008 3.131923e-008 4.571417e-008 5.014053e-008 1.333485e-008 -7.134006e-008 8.713219e-009 1.011273e-009 4.209684e-008 -6.534437e-003 7.731597e-003 -5.306157e-003 4.609803e-003 -4.191151e-003 8.242088e-003 -6.219152e-003 5.951754e-003 -5.249157e-003 1.868283e-003 2.200403e-003 -1.269434e-003 2.744509e-003
<VARIANCE> 25
 6.716856e+001 2.941401e+001 5.663681e+001 4.741492e+001 4.696264e+001 4.914315e+001 4.999928e+001 4.303569e+001 5.672998e+001 3.222253e+001 2.850756e+001 4.103967e+001 2.100924e+000 1.434693e+000 1.891293e+000 2.194988e+000 2.363979e+000 2.636887e+000 2.464799e+000 2.732278e+000 2.851009e+000 2.222413e+000 2.036798e+000 2.011688e+000 1.909456e+000
<GCONST> 1.015924e+002
<TRANSP> 5
 0.000000e+000 1.000000e+000 0.000000e+000 0.000000e+000 0.000000e+000
 0.000000e+000 6.000000e-001 4.000000e-001 0.000000e+000 0.000000e+000
 0.000000e+000 0.000000e+000 6.000000e-001 4.000000e-001 0.000000e+000
 0.000000e+000 0.000000e+000 0.000000e+000 7.000000e-001 3.000000e-001
 0.000000e+000 0.000000e+000 0.000000e+000 0.000000e+000 0.000000e+000
<ENDHMM>
~h "ay"
<BEGINHMM>
<NUMSTATES> 5
<STATE> 2
<MEAN> 25
 -5.679955e+000 -5.119312e+000 -1.414606e+001 1.380882e+001 5.318541e+000 -3.396103e+000 2.157066e+000 7.004656e+000 3.528041e+000 -8.776485e+000 -1.330364e+000 6.418469e+000 -1.205623e-001 4.768645e-001 -2.290091e-001 -5.739327e-001 -2.019466e-001 5.972097e-001 3.855240e-001 -4.603384e-001 -6.588204e-002 1.433876e-001 8.112983e-002 -4.186822e-001 -3.069484e-001
<VARIANCE> 25
 7.116095e+001 1.275808e+002 4.494882e+001 5.171780e+001 1.218780e+001 9.460839e+001 4.947923e+001 4.995519e+001 5.183571e+001 2.554547e+001 1.337185e+001 2.082433e+001 7.635762e-001 4.904990e+000 2.238848e+000 2.681360e+000 1.367976e+000 3.964531e+000 2.193485e+000 2.480894e+000 2.164343e+000 2.567364e+000 1.691566e+000 1.718578e+000 1.383682e+000
<GCONST> 1.000971e+002
<STATE> 3
<MEAN> 25
 5.872344e+000 8.494727e+000 -1.081800e+001 4.230469e+000 5.418478e+000 6.362698e+000 3.272414e+000 -5.275789e+000 -3.255193e+000 -2.923233e+000 5.268062e-001 6.492659e-001 3.425530e+000 -2.241058e+000 -1.113444e+000 -1.671496e+000 -5.620447e-001 1.569777e+000 -6.149502e-001 -3.305166e-001 1.548527e+000 2.945204e-001 -4.575856e-002 -5.129245e-001 3.478424e+000
<VARIANCE> 25
 1.614583e+002 1.178438e+002 1.026354e+002 5.368396e+001 3.332676e+001 4.165116e+001 2.175805e+001 5.231014e+001 6.716431e+001 1.806949e+001 1.687153e+001 1.117755e+001 8.210303e+000 1.924694e+001 9.311488e+000 2.580174e+000 5.021993e+000 3.042539e+000 4.141312e+000 5.917249e+000 1.277595e+001 3.961083e+000 1.104842e+000 2.302072e+000 3.124823e+000
<GCONST> 1.111928e+002
<STATE> 4
<MEAN> 25
 1.260876e+001 -1.407773e+001 -1.038005e+000 -7.032019e-001 3.461624e-002 1.077951e+001 -1.332011e+000 1.973611e+000 3.352310e+000 -7.444122e+000 1.918298e-001 1.181334e+000 -4.747678e-001 -7.677009e-001 1.632425e+000 -6.221642e-001 -5.409139e-001 -7.296557e-001 4.043516e-001 8.430182e-001 -4.171531e-001 1.339895e-001 8.557428e-002 -9.644075e-002 6.813151e-001
<VARIANCE> 25
 2.663897e+001 1.518062e+002 8.122762e+001 9.505195e+001 5.863869e+001 4.774269e+001 5.191871e+001 1.080712e+002 7.394086e+001 3.651759e+001 1.963675e+001 1.996514e+001 1.634653e+000 6.417115e+000 2.342126e+000 3.767476e+000 2.966853e+000 3.380191e+000 4.966796e+000 4.119699e+000 7.384548e+000 3.478770e+000 2.061419e+000 1.281559e+000 2.062590e+000
<GCONST> 1.084391e+002
<TRANSP> 5
 0.000000e+000 1.000000e+000 0.000000e+000 0.000000e+000 0.000000e+000
 0.000000e+000 8.237790e-001 1.762210e-001 0.000000e+000 0.000000e+000
 0.000000e+000 0.000000e+000 6.674593e-001 3.325407e-001 0.000000e+000
 0.000000e+000 0.000000e+000 0.000000e+000 9.375572e-001 6.244276e-002
 0.000000e+000 0.000000e+000 0.000000e+000 0.000000e+000 0.000000e+000
<ENDHMM>
~h "eh"
<BEGINHMM>
<NUMSTATES> 5
<STATE> 2
<MEAN> 25
 8.182670e+000 -1.075565e+001 7.815793e+000 -6.366238e+000 -1.203241e+001 -1.002077e+001 6.821323e+000 1.186162e+001 -3.633857e+000 6.331173e-001 4.510095e+000 -2.548513e-001 -4.912072e-001 -1.030317e+000 1.249621e+000 -2.392312e+000 -2.485737e-001 -3.467655e-001 1.323519e+000 1.118671e-001 -8.181165e-001 8.515838e-001 3.745307e-001 -3.793826e-001 1.216528e+000
<VARIANCE> 25
 1.557257e+001 5.051047e+001 1.326276e+002 2.505143e+001 5.583265e+001 4.104978e+001 5.716745e+001 3.246474e+001 6.840228e+001 2.875597e+001 2.869617e+001 2.212673e+001 6.209211e-001 1.847274e+000 5.112998e+000 2.941157e+000 3.127369e+000 3.121321e+000 3.114230e+000 3.389008e+000 1.868081e+000 2.729356e+000 2.631268e+000 9.602337e-001 1.263370e+000
<GCONST> 1.002965e+002
<STATE> 3
<MEAN> 25
 6.316590e+000 -1.121959e+001 7.578496e+000 -8.682492e+000 -8.778274e+000 -1.291956e+001 8.047879e+000 8.132143e+000 -1.534189e+000 8.760629e-001 3.863448e+000 1.953903e+000 -1.985834e-002 -1.442826e-001 -3.912488e-001 -2.620774e-001 6.827734e-001 -3.507369e-002 -9.613381e-002 -1.692888e-002 7.149312e-001 1.662850e-001 -4.310237e-001 -4.277384e-002 7.456888e-002
<VARIANCE> 25
 1.261914e+001 2.204046e+001 1.396703e+002 2.845393e+001 3.837229e+001 2.432796e+001 5.875906e+001 3.037787e+001 6.129708e+001 2.002036e+001 2.758114e+001 3.312669e+001 1.376498e-001 6.083001e-001 1.232948e+000 9.036561e-001 1.857276e+000 1.731188e+000 2.007092e+000 1.211109e+000 2.060323e+000 2.376762e+000 9.074107e-001 1.309089e+000 1.016418e-001
<GCONST> 8.727725e+001
<STATE> 4
<MEAN> 25
 1.083136e+001 -1.651407e+001 1.141042e+001 -9.519565e+000 -1.061952e+001 -5.338845e+000 1.983173e+000 1.432036e+001 -4.175234e+000 2.731182e+000 3.543849e+000 -2.308731e+000 1.534202e-001 1.255793e-001 -9.299986e-001 2.770919e-001 9.713961e-001 6.024125e-001 -6.328702e-001 -2.227639e-001 7.937092e-001 8.141581e-002 -9.065832e-001 -2.752860e-001 -2.578905e-001
<VARIANCE> 25
 1.059486e+001 1.850694e+001 5.247287e+001 1.722759e+001 4.343398e+001 3.823146e+001 2.933359e+001 1.878916e+001 3.238548e+001 1.987011e+001 2.820021e+001 1.010713e+001 2.078806e-001 4.793720e-001 1.071439e+000 8.341334e-001 1.417869e+000 8.752692e-001 1.653859e+000 2.014966e+000 1.096826e+000 1.513420e+000 1.291250e+000 1.009579e+000 3.510738e-001
<GCONST> 8.260506e+001
<TRANSP> 5
 0.000000e+000 1.000000e+000 0.000000e+000 0.000000e+000 0.000000e+000
 0.000000e+000 6.166320e-001 3.833679e-001 0.000000e+000 0.000000e+000
 0.000000e+000 0.000000e+000 7.849044e-001 2.150955e-001 0.000000e+000
 0.000000e+000 0.000000e+000 0.000000e+000 7.893938e-001 2.106061e-001
 0.000000e+000 0.000000e+000 0.000000e+000 0.000000e+000 0.000000e+000
<ENDHMM>
~h "ng"
<BEGINHMM>
<NUMSTATES> 5
<STATE> 2
<MEAN> 25
 1.177247e+001 -1.105214e+001 -3.478159e+000 -8.237861e+000 4.115599e+000 1.226091e+001 -3.952384e+000 -9.260562e-002 2.303233e-001 -4.009536e+000 -6.636894e-001 -1.228155e+000 1.241852e-002 1.380608e+000 -1.704210e-001 7.191681e-001 -6.820148e-001 -1.270317e-001 2.282904e-001 -5.580081e-001 -6.534081e-001 -3.325281e-001 4.045466e-001 6.533461e-001 -1.050643e+000
<VARIANCE> 25
 6.302467e+000 4.504284e+001 2.049985e+001 4.704247e+001 3.090440e+001 2.812665e+001 2.406417e+001 2.563474e+001 3.134639e+001 2.470471e+001 1.079116e+001 1.649511e+001 1.201461e-001 5.847088e-001 6.085716e-001 1.043155e+000 1.251170e+000 1.102939e+000 1.857420e+000 1.225951e+000 1.576073e+000 1.177477e+000 7.500296e-001 7.825170e-001 2.740305e-001
<GCONST> 8.031892e+001
<STATE> 3
<MEAN> 25
 9.489781e+000 1.197919e+000 -3.990804e+000 1.165516e+000 2.729523e+000 8.567473e+000 -6.647378e-001 -5.334827e+000 -4.956799e+000 -3.654387e+000 2.099787e+000 5.067273e-001 -5.115197e-001 7.253641e-001 9.453493e-002 1.285667e+000 4.793224e-001 3.353561e-002 4.895328e-001 6.350166e-002 3.383358e-001 1.641692e-001 -1.050355e-001 -2.010956e-001 -8.864365e-001
<VARIANCE> 25
 6.863901e+000 2.686766e+001 1.401750e+001 5.976239e+001 3.540637e+001 3.026314e+001 3.305831e+001 2.532514e+001 3.467726e+001 2.543167e+001 1.405856e+001 1.397822e+001 3.401743e-001 3.818589e-001 6.898848e-001 9.433440e-001 8.774576e-001 1.173131e+000 1.705131e+000 1.786052e+000 1.382141e+000 1.073716e+000 9.684514e-001 9.507384e-001 1.679985e-001
<GCONST> 8.086494e+001
<STATE> 4
<MEAN> 25
 -1.945153e+000 7.763104e+000 -9.831097e+000 7.110779e+000 4.232267e+000 4.085920e+000 2.092088e+000 -3.170358e+000 2.044185e+000 -7.508826e-001 7.801994e-001 -7.318142e-001 -6.956683e-001 2.389013e-001 -2.892409e-001 -2.272980e-001 -2.995932e-001 -4.933326e-001 -1.518153e-001 -2.147444e-002 7.669076e-002 2.762472e-002 3.389719e-002 -7.958169e-003 -6.929426e-001
<VARIANCE> 25
 2.190025e+001 1.948429e+001 2.870471e+001 1.861328e+001 2.923474e+001 2.884128e+001 2.068844e+001 2.289974e+001 2.048147e+001 2.273153e+001 1.571718e+001 1.928306e+001 2.697180e-001 4.823240e-001 1.095075e+000 7.153910e-001 1.021552e+000 1.186593e+000 1.168579e+000 1.275605e+000 1.598395e+000 1.670723e+000 1.183643e+000 1.115566e+000 1.054957e-001
<GCONST> 8.035822e+001
<TRANSP> 5
 0.000000e+000 1.000000e+000 0.000000e+000 0.000000e+000 0.000000e+000
 0.000000e+000 8.685291e-001 1.314709e-001 0.000000e+000 0.000000e+000
 0.000000e+000 0.000000e+000 9.001523e-001 9.984773e-002 0.000000e+000
 0.000000e+000 0.000000e+000 0.000000e+000 9.390578e-001 6.094224e-002
 0.000000e+000 0.000000e+000 0.000000e+000 0.000000e+000 0.000000e+000
<ENDHMM>
~h "ny"
<BEGINHMM>
<NUMSTATES> 5
<STATE> 2
<MEAN> 25
 9.758106e-001 1.868978e+000 4.326832e+000 3.231670e+000 6.534588e-001 1.921106e+000 -3.686943e+000 -1.684397e+000 -4.325393e+000 -2.586821e-001 -9.348908e-003 4.352604e+000 -1.274535e-002 1.617789e-001 -5.350772e-002 -1.130297e-001 -2.215212e-001 3.350521e-003 9.638823e-002 2.469417e-001 4.860598e-002 2.477197e-001 1.885442e-001 2.485587e-003 8.060873e-002
<VARIANCE> 25
 2.416561e+001 1.370727e+001 1.851995e+001 2.364976e+001 2.858620e+001 1.985777e+001 2.460841e+001 2.712509e+001 2.226324e+001 1.410189e+001 1.769179e+001 1.793726e+001 4.035534e-001 5.565252e-001 6.450967e-001 1.089643e+000 1.188206e+000 1.502312e+000 1.826732e+000 2.289551e+000 1.058785e+000 1.190651e+000 1.274557e+000 1.419085e+000 5.273330e-001
<GCONST> 8.253493e+001
<STATE> 3
<MEAN> 25
 -6.280411e+000 1.030587e+001 -4.544839e+000 3.212069e+000 -4.255690e+000 -3.171745e+000 7.005190e-002 -5.766732e-001 1.210624e-001 -9.492239e-001 2.874236e+000 -1.017697e-001 -5.037667e-001 4.002675e-001 2.386612e-001 -3.372884e-002 -5.273590e-003 1.053439e-001 -9.046406e-002 -1.508930e-001 3.157799e-001 6.328351e-002 1.120123e-001 -2.824756e-001 -3.514809e-001
<VARIANCE> 25
 5.258819e+001 1.795911e+001 4.621381e+001 2.188632e+001 2.672112e+001 1.171902e+001 1.554783e+001 2.295785e+001 1.530785e+001 1.572515e+001 1.735969e+001 1.375262e+001 3.766039e-001 8.285397e-001 1.269270e+000 1.499937e+000 1.103264e+000 6.066960e-001 8.645056e-001 8.308062e-001 9.546241e-001 6.650329e-001 1.207073e+000 1.006468e+000 5.623856e-001
<GCONST> 8.021143e+001
<STATE> 4
<MEAN> 25
 1.725736e-001 9.996337e+000 3.461917e+000 2.482125e+000 -4.641273e+000 -1.409843e+000 2.103463e+000 2.099844e+000 1.698887e+000 -9.562707e-001 3.845404e+000 7.933658e-001 2.120450e+000 -1.095266e-001 6.033812e-001 3.007760e-002 -8.342247e-001 -8.147032e-001 2.981367e-001 -3.023582e-001 -4.845986e-002 -7.642631e-002 1.794414e-001 -2.603383e-001 1.814444e+000
<VARIANCE> 25
 7.997626e+001 1.595334e+002 3.313888e+001 1.364369e+002 8.168884e+001 4.310576e+001 2.852044e+001 4.312299e+001 2.189964e+001 3.514018e+001 2.845414e+001 1.893052e+001 7.765915e+000 8.890615e+000 4.518096e+000 5.645833e+000 7.350594e+000 4.766240e+000 4.617481e+000 3.763921e+000 3.275554e+000 5.084072e+000 3.377890e+000 1.948178e+000 2.752041e+000
<GCONST> 1.116281e+002
<TRANSP> 5
 0.000000e+000 1.000000e+000 0.000000e+000 0.000000e+000 0.000000e+000
 0.000000e+000 9.040315e-001 9.596849e-002 0.000000e+000 0.000000e+000
 0.000000e+000 0.000000e+000 8.368518e-001 1.631483e-001 0.000000e+000
 0.000000e+000 0.000000e+000 0.000000e+000 8.364691e-001 1.635310e-001
 0.000000e+000 0.000000e+000 0.000000e+000 0.000000e+000 0.000000e+000
<ENDHMM>
~h "sp"
<BEGINHMM>
<NUMSTATES> 3
<STATE> 2
~s "silst"
<TRANSP> 3
 0.000000e+000 4.152348e-001 5.847652e-001
 0.000000e+000 9.411376e-001 5.886246e-002
 0.000000e+000 0.000000e+000 0.000000e+000
<ENDHMM>
~h "sil"
<BEGINHMM>
<NUMSTATES> 5
<STATE> 2
<MEAN> 25
 -5.914529e+000 5.748832e+000 -2.198165e+000 7.709892e+000 -3.257718e-001 -6.354539e-001 3.147825e-001 -5.947871e-001 1.827914e+000 -2.012387e+000 -4.929410e-001 2.508051e+000 -2.894364e-001 3.412206e-001 -1.759089e-002 5.007833e-002 7.075235e-002 2.233611e-002 -1.917751e-001 -3.593107e-001 -3.355334e-002 4.232007e-002 4.516409e-002 -2.366169e-001 -4.486027e-001
<VARIANCE> 25
 6.557827e+001 4.510910e+001 5.295210e+001 1.739694e+001 3.938149e+001 2.355320e+001 2.799896e+001 2.757794e+001 2.637021e+001 1.880744e+001 1.887455e+001 1.833320e+001 3.299250e-001 6.526337e-001 7.435942e-001 8.317898e-001 1.435989e+000 1.144148e+000 1.401970e+000 1.315679e+000 1.417694e+000 1.293318e+000 1.222351e+000 1.510631e+000 1.965180e-001
<GCONST> 8.498492e+001
<STATE> 3
~s "silst"
<STATE> 4
<MEAN> 25
 -2.420981e+001 2.878962e+000 -8.964167e+000 6.401003e+000 -5.412125e-002 2.458179e+000 4.217541e+000 2.477652e+000 6.455233e+000 1.470242e+000 5.100301e+000 1.905150e+000 -3.054387e-005 9.411910e-003 -7.050500e-004 -2.577583e-002 -3.060071e-003 2.484234e-002 2.510409e-002 -8.446489e-003 -1.723787e-003 -6.485380e-003 -1.321091e-002 -7.120744e-003 -3.990487e-003
<VARIANCE> 25
 1.012621e+001 7.226521e+000 1.083047e+001 7.656936e+000 9.258850e+000 1.074391e+001 1.247857e+001 1.470510e+001 1.485560e+001 9.770893e+000 8.588389e+000 7.141576e+000 4.081503e-002 1.388808e-001 2.129578e-001 3.553690e-001 5.009895e-001 4.512314e-001 7.961444e-001 1.136928e+000 1.303300e+000 1.014627e+000 8.395737e-001 9.138888e-001 2.980222e-002
<GCONST> 6.072469e+001
<TRANSP> 5
 0.000000e+000 1.000000e+000 0.000000e+000 0.000000e+000 0.000000e+000
 0.000000e+000 8.290101e-001 5.859780e-002 1.123922e-001 0.000000e+000
 0.000000e+000 0.000000e+000 9.599472e-001 4.005278e-002 0.000000e+000
 0.000000e+000 5.100227e-004 0.000000e+000 9.636331e-001 3.585680e-002
 0.000000e+000 0.000000e+000 0.000000e+000 0.000000e+000 0.000000e+000
<ENDHMM>
