   1         "t+eh"   13  101.307854  26.887613  33.463196
   2        "u-s+i"    2   20.274656  11.036470   1.999882
   3       "d-eh+l"    2    2.214022  21.258696   3.458306
   4        "u-t+u"    8   78.402489  11.305533  22.861605
   5        "k-e+l"    4   18.792274   4.849068   8.431674
   6        "k-e+m"    1    1.978670   1.010853   1.010246
   7        "k-e+n"    1    0.999870   0.999860   0.999901
   8        "k-e+r"    1    1.000059   0.999996   1.001031
   9           "sp"  282  3132.958496
  10        "u-w+a"    3    4.083773   8.907999  15.969696
  11        "k-i+l"    1    6.831599   1.577106   3.576662
  12        "k-i+p"    5   16.291176  18.136452  31.436478
  13         "ay-n"    3   65.998817  44.654758  67.284439
  14       "u-a+ng"    7   45.915161  27.408390  25.627604
  15        "a-b+a"    1    7.881937   0.999969   1.138330
  16        "a-b+i"    2   10.383881   2.000351   2.022793
  17        "a-d+a"    6   34.642693   9.010221  20.807909
  18        "a-d+u"    1    7.449807   1.772333   1.867235
  19        "k-t+u"    2   19.257196   2.096636   7.198772
  20        "k-u+r"    1    5.229401   8.199822   0.999871
  21        "k-u+t"    1    5.064085   4.977032   5.239397
  22        "a-f+i"    1    1.645577   1.000465   1.029981
  23        "a-g+a"    4   29.584002  33.030170  48.306171
  24        "a-h+r"    1    1.048002   0.999941  13.435376
  25        "n-d+u"    3    5.071287   3.399582   5.972924
  26        "a-j+a"    1    0.999966   0.999966  47.392418
  27        "a-k+a"   22  154.822617  59.220104  52.645691
  28        "a-k+i"    1   13.997806   1.014458   1.003290
  29        "a-k+t"    2   18.567211   2.917166   2.006650
  30        "a-l+a"   15   23.637745  20.223864  68.155144
  31        "a-l+i"    1    0.999877   0.999985   5.683701
  32        "a-m+a"   13  107.391487  28.971401  24.961449
  33        "a-m+b"    2   31.527632   2.000016   2.000014
  34        "a-m+p"   17  162.629257  56.552441  31.452425
  35        "a-m+u"    9   79.812737  36.298801  16.309624
  36        "a-n+i"    1    3.839644   2.967574   1.000493
  37        "a-n+t"    1    2.529529  10.905981   4.935742
  38        "n-i+t"    1    1.001627   1.848997   8.779544
  39        "a-p+u"    9   87.969894  18.588753  28.109081
  40       "l-eh+t"    1    0.999719   0.999719   0.999719
  41        "n-k+a"    5   37.055950  14.583669  16.467402
  42        "a-r+a"    4    7.151661   6.207173  29.360201
  43        "a-r+g"    9   33.771202  46.412025  32.264805
  44        "a-s+a"    1    5.263825  12.409751   0.999972
  45         "u-ng"    1    0.999926   2.725269  12.518592
  46        "a-t+a"    1    9.584598   2.009878   1.845755
  47        "a-t+i"    9   53.187099  13.027367   9.026338
  48        "a-t+u"    1   11.653167   1.982213   2.011858
  49        "d-a+k"    1    2.805035   1.004570   2.922723
  50        "d-a+l"    1    1.088714   6.965056   1.004697
  51        "d-a+m"    1    1.987833   6.351330   7.663976
  52        "d-a+n"    5   13.029142  32.935772  12.149387
  53        "d-a+p"    7   23.262074  27.293669  44.007851
  54        "d-a+r"    1    2.593263   7.577627   1.594671
  55        "a-w+a"    1    5.483485   3.073125   5.611106
  56        "a-y+a"    1    1.755210   1.755201   1.957131
  57        "n-t+a"    1    1.000335   1.560845   2.190618
  58        "n-t+u"    6   17.256588  11.667066  17.718863
  59        "d-e+p"   10   29.466486  12.429442  24.063484
  60        "d-e+r"    2    1.999907   1.999907   1.999919
  61         "m+ay"    8   16.384968  17.762793  27.035965
  62         "m+eh"    1    0.999903   1.058869  11.001757
  63       "ny-a+l"    9   49.062931  39.271118  27.010836
  64       "ny-a+m"    2   16.085474   6.427285  11.614105
  65        "d-u+p"    7   13.335930  12.660292  21.857193
  66        "d-u+r"   14   52.457447  60.340237  35.559399
  67       "m-ay+n"    8   46.601166  67.487404  86.387405
  68        "g-a+l"    1    0.999913   1.056513   1.000085
  69        "g-a+r"    3    6.142184  18.646767  13.459139
  70        "g-a+w"    1    1.000903   7.456330   2.914864
  71       "t-eh+l"    5    8.968060  24.379135   7.937738
  72       "t-eh+r"    8   20.291042  28.007257  63.497879
  73        "g-e+r"    1    1.512948   3.731300  10.665918
  74        "t-a+b"    1    1.834928   7.971719   5.907393
  75        "t-a+m"    6   21.880583  35.729908  29.133303
  76        "t-a+s"    1    2.262508   6.014960   2.924729
  77        "t-e+k"    1    3.026426   1.003987   1.001043
  78        "t-e+r"    2    2.647857   2.081076   3.200383
  79       "o-l+eh"    1    0.999720   0.999720   0.999720
  80        "t-i+d"   10   20.860657  28.619980 118.119904
  81        "t-i+f"    3    5.999505   9.016940  30.980213
  82        "t-i+k"    8    8.453285  17.321707  41.370781
  83        "t-i+l"    1    1.686483   2.377520   9.934654
  84        "t-i+m"    1    1.865004   2.504923  12.904375
  85       "b-a+ng"    1    4.062664   6.954606   2.501151
  86        "j-a+r"    1    1.084525   1.071187   1.014464
  87        "t-r+a"    1    0.999741   0.999741   0.999741
  88        "j-e+n"    2    2.003047   2.000064   2.000010
  89        "t-u+k"    2    3.122304   7.133244  10.340963
  90        "t-u+l"    1    1.098197   5.108474   2.878106
  91        "t-u+p"    7   15.940717  30.708622  38.967434
  92        "t-u+r"    1    2.031588   5.632843   1.000184
  93        "t-u+t"    8   21.823341  43.332695  44.416473
  94        "w-a+k"    3    5.691460   8.860903  20.090340
  95        "w-a+l"    3    3.100900  24.925814   8.958225
  96        "w-a+n"    2    3.594257   5.384634   2.198475
  97        "w-a+r"    4    7.711361  13.993477  19.545023
  98       "l-i+ng"    1    1.527789   2.926513  15.155645
  99          "a+b"    1    9.999366   5.135441   5.840647
 100          "a+d"    1    4.631505   1.587618   7.777409
 101          "a+k"    1   25.403181   5.472970   7.285324
 102          "a+m"    2   30.430973   6.647850  11.931924
 103          "a+t"    1    9.692392   4.694458   7.027299
 104          "a-h"    2   25.517061   1.999921  29.138933
 105          "a-k"    1   19.062752   2.261375   3.016532
 106          "a-l"    1    1.000717   1.001873   1.180090
 107          "a-m"    1   12.023943  29.925989   9.994121
 108          "a-n"   61  187.646454 619.418030 738.460815
 109          "a-r"   15   77.259766 136.895554 258.355103
 110          "a-s"   24  100.297775 367.651672 302.250458
 111          "b+a"    5   49.926815  15.893591  34.828224
 112          "b+e"   12   36.450016  31.941467  30.831400
 113          "b+u"   14   93.908142  54.609543 115.826958
 114          "b-u"    2    8.111616  32.957150  34.264671
 115        "m-a+k"    5   15.596332  24.390411  33.358551
 116        "m-a+m"    2    5.874344  12.849003  10.385435
 117        "m-a+n"    2    7.305991   9.393783   2.010189
 118        "m-a+r"   10   35.206562  59.832554  35.577362
 119        "m-a+s"    1    4.808898   1.233172   2.969531
 120        "m-a+t"    9   32.718719  28.911209  50.612804
 121          "c+o"    1    0.999880   4.958660   7.033774
 122          "c+u"    1    0.999996   1.675415   6.803049
 123          "c-i"    2    3.078832   6.089422  49.390476
 124        "m-b+a"    1    0.999885   0.999885   0.999885
 125        "m-b+i"    2    2.000029   1.999997   2.000138
 126        "m-b+u"    3    3.729457   3.001400   5.269707
 127          "d+a"   10   36.510357  44.225716  39.034145
 128          "d+e"   12   59.757721  47.582554  44.586567
 129          "d+i"   17   92.840698  84.545731  24.732517
 130          "d-i"   17   24.239670  51.111786 170.083481
 131          "e-r"    1    1.045602   7.386356   6.182348
 132          "f+i"    3   76.863457  48.104401   8.957853
 133          "f-i"    3   14.170609  10.111371  62.916222
 134        "m-e+l"    1    1.007402   1.054476   3.908915
 135        "m-e+m"    1    7.343779   1.000929   1.000954
 136          "g+a"    2   25.344357  12.293637  10.208687
 137          "g+e"    1    2.999847   0.999949   0.999949
 138          "g-a"   11   27.315834  27.718925  70.182480
 139          "h+a"    1    1.010375   1.000109   1.670545
 140          "h+i"    7   16.412354  91.998764  27.994923
 141          "i+k"    1    5.022498   1.861745  10.195615
 142          "i+m"    1    5.031756   3.429353   6.658283
 143          "i-k"    2   36.993172   2.003189   1.999823
 144          "i-l"    5    8.997257   9.026409 107.371193
 145          "j+e"    2   33.818638  11.977490   4.288949
 146       "l-a+ng"    4   12.024973  20.536947  11.422262
 147       "l-a+ny"    1    1.130118   3.026780   8.145712
 148          "k+a"   14   72.601631  39.128044  65.758270
 149          "k+e"    7   15.230669  17.251490  19.967270
 150          "k+i"    5    8.020053  14.554484   7.668267
 151          "k-a"   10   31.287474 102.114525 156.502960
 152          "l+a"   16  115.735413  60.337635  29.174459
 153       "p-i+ng"    1    2.428843   2.212397  10.428947
 154          "l+e"    3   15.807239  17.070606   7.102079
 155          "l+i"    8   50.860046  15.128265  16.137672
 156          "l+u"    1    7.750159   5.221865   1.383144
 157          "l-a"    3    9.150688  57.042988  40.096035
 158          "l-i"    1    1.014782   1.245445  19.890036
 159          "m+a"   16   55.115040  80.345673 110.354172
 160          "m+e"    2    1.999900   2.001167  12.056077
 161          "m+u"    6    7.814617  31.997726  41.229252
 162          "m-a"    2    6.956431  19.433874  28.392014
 163          "m-u"    9   22.357065  38.043423 158.266739
 164          "o+l"    1    0.999943   0.999943   0.999943
 165          "p+a"    1    0.999965   1.000345   5.635247
 166          "p+e"    3    2.999824   3.000039   7.339435
 167          "p+i"    5   23.831047  10.231604   5.998609
 168          "p+u"    2    2.536406   2.148829   5.069534
 169          "p-a"    1    2.042700   4.064828  31.861153
 170          "p-u"   15   59.303917 127.564888 216.283936
 171       "n-a+ng"    2    9.683934   8.310260   2.001433
 172         "eh-t"    1   24.989902   2.002329   0.999720
 173        "m-p+a"    4   10.060044   3.999673  14.956440
 174        "m-p+i"    1    5.996157   1.020372   1.391256
 175        "m-p+u"   15   55.579868  30.218134  38.070995
 176          "r+a"    2    1.999838   2.297692  23.121019
 177          "r+u"    7   22.668844  15.799783  25.052122
 178          "r-a"    2   11.886601   9.464256  13.154466
 179        "c-a+m"    1    2.901598   3.774020   4.283128
 180          "s+a"    4   30.916304  48.916122   9.592629
 181          "s+e"    2   13.039779  15.417050   2.000043
 182          "s+t"    1    7.004015   7.098665   4.885481
 183          "s+u"    1    7.041761  13.598454   1.002982
 184          "s-i"    6   11.001509  12.512299  79.493568
 185          "t+a"    6   37.439903  37.889595  15.601405
 186          "t+e"    2    2.112970   3.048430   9.980573
 187          "t+i"   15   88.090347  19.291819  21.012512
 188          "t+u"   10   49.651230  37.737793  35.040691
 189          "t-a"    1    2.939123  10.462388  15.469348
 190          "t-i"    1    1.000650   3.021809  22.977831
 191          "t-u"    7   16.897718  95.605904 111.183327
 192          "u+b"    1   11.376249   1.215773  14.402137
 193          "u+f"    1    0.999992   1.000097   1.009032
 194          "u+k"    1    9.030938   1.081744  10.725274
 195          "u+l"    2   12.243944   2.012416  15.925706
 196          "sil"   80  347.870880 3132.958496 2296.618408
 197          "u-k"    2   19.221401   3.364820   4.622804
 198          "u-n"    1    3.000153  16.885504   9.904093
 199          "u-p"    8  108.353027  23.750433  16.130808
 200          "u-r"   28  152.159729 350.295441 447.703644
 201          "u-t"    2   28.231026   4.993191   1.999824
 202        "m-u+k"    2    5.631607   2.009778  19.597872
 203        "m-u+n"    3   29.103704  12.199492  17.994448
 204        "m-u+s"    2   15.423465   2.187855   8.277814
 205          "w+a"    8   83.073875  43.303761  31.899944
 206        "p-a+g"    1    4.364675   1.000598  12.729580
 207        "p-a+n"   13   37.634624  71.715164  36.066635
 208        "p-a+s"    8   18.321085  43.793827  34.525082
 209       "p-a+ng"    1    2.077312   2.895291  16.023232
 210          "y-a"    1   10.474481   9.267664   9.977777
 211        "p-e+k"    1    2.663589   1.000986   1.000427
 212        "p-e+r"    2    1.999886   2.000181   6.748625
 213       "r-a+ng"    2    7.922415  17.372446   3.285842
 214        "p-i+n"    5   12.001258  15.359034  35.456036
 215        "c-o+m"    1    1.030202   3.955643   4.018476
 216        "p-k+a"    6   22.178492  19.577103  18.711731
 217       "t-a+ng"    1    1.953892   6.805550   1.004240
 218        "c-u+c"    1    8.534374   1.952540   3.040175
 219       "a-ng+c"    1    0.999817   1.009202   2.981440
 220        "p-u+r"    9   50.674858  25.564720  17.540897
 221        "p-u+t"    1    4.093057   4.026822   4.859967
 222        "s-a+d"    2    2.003072  12.846536  15.529195
 223        "s-a+h"    1    1.052720   1.205869   3.750917
 224        "s-a+m"    1    1.002410   4.252909   5.215975
 225        "s-a+y"    1    2.739163   1.600904   9.966781
 226        "f-i+l"    1    1.004223   1.188983   3.843822
 227        "f-i+o"    1    1.919945   2.357993   1.192169
 228        "f-i+s"    7   11.543884  15.253875  22.070171
 229       "ay-n+k"    5   50.245804  29.689516  23.180660
 230        "s-e+k"    1    2.567597   1.006289   1.000126
 231        "s-e+n"    1    2.454858   1.233620   1.755459
 232         "ny+a"   11   86.971756  84.094093  84.014595
 233         "ny-a"    3   21.327255  13.002080  37.024895
 234        "s-i+k"    2    7.790565   4.836108  14.416821
 235        "f-u+k"    1   20.472040   1.967001   7.378272
 236       "a-ny+a"    1    3.435256   1.686729   1.847641
 237        "i-b+a"    1    4.309102   1.000543   4.628645
 238        "i-d+u"   17   72.108398  29.787636  34.150841
 239        "s-t+a"    1    1.005373   1.040330   2.142548
 240        "s-u+a"    1    2.905979   1.132058   1.000657
 241        "s-u+c"    1    1.052914   3.898091   4.402957
 242        "i-f+i"    3    3.999978   4.999270  98.094406
 243       "m-eh+r"    1    3.001082   6.997969   0.999899
 244       "i-ng+k"    1    1.000044   1.000973   1.006267
 245        "i-k+a"    8   53.896610  24.424362  31.634169
 246        "i-k+u"    1   16.747742   1.121925   1.004161
 247        "i-l+a"    1    1.008095   1.009133   9.983231
 248        "i-l+t"    1    1.343951   1.042310   9.675551
 249        "i-m+a"    1    1.000021   1.025123   1.947638
 250        "i-m+p"    2   36.999622  10.979713   2.000092
 251        "i-m+u"    1   14.984667   1.000026   0.999988
 252        "i-n+d"    1    1.252404  13.892190   1.000039
 253        "i-n+t"    5   12.319678  58.632828  23.088030
 254        "i-o+l"    1   14.472891  21.044212   3.000602
 255        "i-p+a"    8   76.956123  18.118567  28.619848
 256        "i-s+i"    6   11.988706  28.994909  12.494901
 257        "i-s+u"    1    0.999977   0.999977   0.999977
 258        "i-t+a"    1    7.383563   1.768406   2.360988
 259        "i-u+r"    1    2.037824   7.009236   0.999951
 260        "l-a+b"    1    1.000011   7.273572  12.404296
 261        "l-a+h"    1    2.550673   1.983399   3.357218
 262        "l-a+j"    1    1.036551   1.000054   0.999967
 263        "l-a+k"   15   31.199581  74.340828  93.949081
 264        "l-a+m"   15   29.742054  74.972076  78.708481
 265        "l-a+n"    3    7.196978  20.774231   5.018075
 266        "l-a+r"    2    4.358382  21.320187   6.551669
 267        "l-a+t"    1    1.007264  10.012598   8.339197
 268         "i-ng"    1    0.999835   1.017416   1.000206
 269       "ng-c+a"    1    2.008409   2.046093   4.992114
 270        "l-e+f"    5    6.646364   5.020325   6.466019
 271        "l-e+m"    2    1.999902   1.999902   1.999902
 272        "l-e+p"    1    2.858312   1.036219   1.034759
 273        "l-i+b"    1    1.008070   2.137894  14.870727
 274        "l-i+m"    2    2.004375   5.737126  25.126936
 275        "l-i+n"    1    3.073286   2.339880   8.374761
 276        "l-i+p"    3    6.120417  11.018855  38.860611
 277        "l-i+u"    1    1.000478   2.773091  17.904615
 278       "ng-k+a"    1    2.281328   3.829037   4.772319
 279         "a-ng"   25  216.782318 237.623657 380.562012
 280        "b-a+d"    4   18.293474  26.179352  23.116508
 281        "b-a+l"    1    4.000090   5.991566   1.047989
 282        "b-a+s"    2    8.136011  13.877176   6.616660
 283        "l-t+e"    1    4.004448   5.511400   1.104444
 284        "l-t+r"    1    4.012427   2.030740   2.967971
 285        "b-e+g"    1    0.999888   1.000846  12.608517
 286        "b-e+l"   10   15.068402  10.314905  20.806259
 287        "b-e+n"    1    0.999854   1.000878   3.688046
 288        "l-u+a"    4   10.284936  15.784685  17.159679
 289        "l-u+p"    1    1.013175   3.049938   6.632879
 290        "b-i+l"    4    6.000158  12.345640  27.653858
 291       "n-d+eh"    2    2.000141   2.096523   5.865941
 292       "eh-l+a"    2    2.000035   2.001924  18.238831
 293       "eh-l+e"    5    6.068458   6.979402  34.974850
 294        "o-l+a"    1    4.831708   4.130417  10.084236
 295        "o-m+p"    1    7.089767   3.908176   1.000454
 296        "b-u+k"   10   29.076464  32.094238  89.133179
 297        "b-u+m"    1    3.564772   5.250342   8.680179
 298        "b-u+r"    2    9.240209  13.972938   1.999784
 299        "b-u+w"    3    9.353648   4.834390   4.760792
 300       "eh-r+a"    9   16.735516  12.764926  12.420898
 301       "p-u+ny"    2    4.310599   2.191264  17.156540
 302        "e-f+i"    5   24.355652  58.104115  19.982048
 303        "r-a+f"    1    1.497214   8.258454  12.561316
 304        "r-a+g"    3   39.506683  19.810846  30.700750
 305        "r-a+h"    1    5.948286   1.984950   1.502697
 306        "r-a+k"    1    2.883065   5.155213  10.783549
 307        "r-a+m"    1   19.211870   6.802969   4.982183
 308        "r-a+s"   13   48.392353 106.308792  66.461143
 309        "e-g+a"    1    6.389086   3.051144   1.400952
 310        "e-k+a"    3   24.048670  13.001685   8.999537
 311        "e-l+a"   10   11.052556  21.553457  59.793457
 312       "u-ny+a"    2   43.481613   2.000114   4.558381
 313        "e-l+i"    1    1.000996   2.541048   5.383625
 314        "e-l+u"    4    4.798393   7.126142  31.828466
 315        "r-g+a"    9   59.777245  46.648045  88.326485
 316        "e-m+a"    1   10.970822   1.022262   1.004370
 317        "e-m+b"    3   36.978405   4.983398   4.035507
 318        "e-n+a"    2   14.462323  24.342478   2.012073
 319        "e-n+d"    2    2.001287  18.454443   2.015788
 320        "e-n+t"    1    4.099409  12.368769   4.290247
 321        "e-p+a"   11  119.230614  18.341860  34.363586
 322        "e-r+a"    7   81.929070  29.259344  13.070935
 323       "k-a+ng"    8   19.997576  45.021137  30.840578
 324       "t-u+ng"    1    1.225592   4.899765  22.286333
 325        "h-a+r"    1    3.223958   3.335922   4.704057
 326        "r-u+a"    7   50.608368  30.608650  52.208305
 327        "u-a+l"    1    3.890733   7.447524  18.421501
 328        "u-a+r"    4   21.883873  15.107788  17.089092
 329        "u-b+u"    1    1.002753   1.000496   1.922353
 330        "u-c+i"    2   22.992594   5.928384  14.034431
 331        "h-i+d"    7   46.831161  21.274332  53.093437
 332        "u-f+u"    1   31.284384   0.999871   0.999876
 333        "u-k+a"   13  105.956551  31.358192  80.063316
 334        "u-k+u"    1   11.156444   1.546973   1.025800
 335        "u-l+a"    2    3.206487  17.083000  13.845457
 336        "u-l+t"    1    8.945171   5.641699  15.394753
 337        "h-r+a"    1    1.000217   0.999989   0.999944
 338        "u-m+b"    1   12.458965   1.042774   1.000748
 339        "u-n+d"    2    1.999761   2.007471   1.999789
 340        "u-p+k"    6   33.473907  12.255154   7.356900
 341        "u-p+u"    1   10.940648   1.930157   3.036194
 342        "k-a+l"    1    2.172718   1.062157   1.002793
 343        "k-a+m"   11   30.190439  79.413742  56.072048
 344        "k-a+n"   38   95.387497 188.592377 137.820175
 345        "k-a+p"    2    2.142468  11.634761  10.806944
 346        "k-a+r"    2    4.208502  20.904736   8.900615
